   98260.000000   -2.565250   3.709342   -19.566003
   98270.000000   -2.672733   3.501542   -19.566003
   98280.000000   -3.494377   3.556478   -19.566003
   98290.000000   -3.628133   4.595476   -19.566003
   98300.000000   -3.341513   4.206150   -19.566003
   98310.000000   -3.109828   4.659965   -19.566003
   98320.000000   -3.766666   5.526991   -18.501329
   98330.000000   -4.719678   5.961698   -17.400230
   98340.000000   -4.774613   6.159944   -16.738615
   98350.000000   -4.213316   5.648805   -15.847704
   98360.000000   -3.370175   4.719678   -14.987844
   98370.000000   -1.841534   4.929866   -14.245020
   98380.000000   -0.449038   4.817606   -12.570681
   98390.000000   -0.525470   3.635298   -8.734748
   98400.000000   -1.347115   1.626569   -4.867765
   98410.000000   1.304122   0.262735   0.706996
   98420.000000   5.087507   -1.461763   7.449735
   98430.000000   5.140054   1.041386   17.562648
   98440.000000   3.451384   5.863770   19.566600
   98450.000000   2.290572   9.647155   19.566600
   98460.000000   3.365398   7.034135   19.566600
   98470.000000   4.065229   6.546881   19.566600
   98480.000000   3.912365   8.245105   19.566600
   98490.000000   3.692623   7.497505   3.513485
   98500.000000   2.906806   5.023018   -9.682983
   98510.000000   -0.489643   4.827160   -18.518048
   98520.000000   -3.136102   5.194990   -19.566003
   98530.000000   -7.554829   3.843098   -19.566003
   98540.000000   -11.942505   3.921919   -19.566003
   98550.000000   -13.989450   1.473705   -19.566003
   98560.000000   -13.148698   1.977679   -19.566003
   98570.000000   -12.881186   2.627351   -19.566003
   98580.000000   -12.544407   4.327964   -19.566003
   98590.000000   -9.835847   6.217268   -19.566003
   98600.000000   -5.627308   4.860599   -19.566003
   98610.000000   -1.533418   2.414774   -11.899512
   98620.000000   1.667174   0.582794   -3.093109
   98630.000000   4.117776   -0.047770   6.785731
   98640.000000   6.931430   -0.520693   17.130329
   98650.000000   7.476008   -1.227690   19.566600
   98660.000000   5.823165   -1.874973   19.566600
   98670.000000   3.138490   -0.948235   19.566600
   98680.000000   2.352673   0.004777   12.073872
   98690.000000   1.244409   -0.224519   5.773007
   98700.000000   1.308899   -0.585183   -2.433882
   98710.000000   -0.219742   -2.598689   -9.487126
   98720.000000   -3.291354   -0.332002   -15.293572
   98730.000000   -6.451341   2.304903   -18.921705
   98740.000000   -7.753074   2.202198   -19.566003
   98750.000000   -7.776959   1.454597   -19.566003
   98760.000000   -7.079517   0.632953   -19.566003
   98770.000000   -5.538934   0.243627   -17.641468
   98780.000000   -4.347072   -0.360664   -16.339735
   98790.000000   -2.297738   0.097929   -12.955229
   98800.000000   -1.409216   -0.035828   -9.064361
   98810.000000   -0.535024   -0.721327   -6.960092
   98820.000000   0.341556   -1.743606   -7.198942
   98830.000000   0.778651   -1.717332   -8.068356
   98840.000000   0.489643   -1.433101   -8.429020
   98850.000000   -0.105094   -0.831198   -8.992706
   98860.000000   -0.539801   -0.685500   -10.203676
   98870.000000   -1.182308   -0.566075   -11.467193
   98880.000000   -1.712555   -0.831198   -12.405874
   98890.000000   -2.218917   -0.666392   -12.768926
   98900.000000   -2.400443   -0.618622   -12.546796
   98910.000000   -2.266687   -0.460981   -11.980721
   98920.000000   -2.295349   -0.635341   -11.627223
   98930.000000   -2.297738   -0.709385   -11.326272
   98940.000000   -1.898858   -0.310505   -11.051594
   98950.000000   -1.160811   -0.021497   -10.905895
   98960.000000   -0.711773   0.157641   -10.559563
   98970.000000   -0.195857   0.709385   -10.497462
   98980.000000   0.112260   1.253963   -10.043647
   98990.000000   0.265124   1.172754   -10.108136
   99000.000000   0.640118   0.711773   -10.444915
   99010.000000   0.449038   0.281843   -10.487908
   99020.000000   0.611456   0.095540   -10.870068
   99030.000000   0.544578   0.515916   -10.724369
   99040.000000   0.009554   1.084379   -10.320713
   99050.000000   -0.563686   1.726886   -10.616887
   99060.000000   -1.318453   2.077996   -10.815132
   99070.000000   -1.999175   1.502367   -11.347768
   99080.000000   -2.128154   1.889304   -12.212405
   99090.000000   -1.877362   1.817649   -12.264953
   99100.000000   -1.987233   1.841534   -11.959224
   99110.000000   -2.046945   1.865419   -11.498244
   99120.000000   -1.676728   1.559691   -11.218789
   99130.000000   -0.943458   1.292179   -10.796024
   99140.000000   -0.826421   1.578799   -9.933776
   99150.000000   -0.484866   1.280237   -9.312765
   99160.000000   -0.229296   1.402050   -8.987929
   99170.000000   -0.160030   1.812872   -8.472013
   99180.000000   -0.281843   1.729275   -8.132846
   99190.000000   -0.515916   1.786599   -8.304818
   99200.000000   -0.704608   2.015895   -8.780130
   99210.000000   -0.408434   1.507144   -9.542061
   99220.000000   -0.425153   1.779433   -9.876452
   99230.000000   -0.996005   1.920355   -10.060366
   99240.000000   -1.483259   2.006341   -10.389979
   99250.000000   -1.550137   2.173536   -10.440138
   99260.000000   -1.328007   2.211752   -10.511793
   99270.000000   -1.468928   2.264299   -10.198899
   99280.000000   -1.445043   2.283407   -9.678206
   99290.000000   -1.146480   1.683893   -9.286492
   99300.000000   -0.936292   2.429105   -8.522171
   99310.000000   -0.659226   3.102663   -9.307988
   99320.000000   0.324836   -0.150476   -11.799195
   99330.000000   -1.461763   -0.470535   -7.526167
   99340.000000   -0.740435   1.034221   -8.574719
   99350.000000   -0.236462   2.849482   -11.448085
   99360.000000   -0.121814   3.040562   -11.030098
   99370.000000   -0.761932   2.429105   -9.286492
   99380.000000   -0.439484   1.416381   -8.940159
   99390.000000   -0.427542   0.749989   -10.839017
   99400.000000   -0.518305   0.489643   -11.025321
   99410.000000   -0.578017   1.316064   -11.077868
   99420.000000   -0.914796   1.600296   -8.698921
   99430.000000   -2.923525   -1.110653   2.352673
   99440.000000   -0.511139   -1.624181   -19.566003
   99450.000000   -0.785817   -0.621010   -1.368611
   99460.000000   -1.048552   8.247494   -19.566003
   99470.000000   0.105094   -1.824815   -0.742824
   99480.000000   -1.003170   2.319234   -13.877191
   99490.000000   0.078821   -0.296174   -11.264171
   99500.000000   -1.065271   -0.291397   -6.685414
   99510.000000   -0.740435   0.195857   -9.948107
   99520.000000   -0.391714   -0.212577   -11.297610
   99530.000000   -0.501585   -0.914796   -10.970385
   99540.000000   -0.527859   -0.926738   -10.485519
   99550.000000   -0.618622   -0.200634   -10.246669
   99560.000000   -0.537413   0.093152   -10.065143
   99570.000000   -0.573240   0.341556   -10.017373
   99580.000000   -0.508751   0.494420   -10.239504
   99590.000000   -0.551744   0.539801   -10.155906
   99600.000000   -0.513528   0.558909   -10.160683
   99610.000000   -0.499197   0.494420   -10.050812
   99620.000000   -0.549355   0.568463   -10.151129
   99630.000000   -0.523082   0.513528   -10.110525
   99640.000000   -0.532636   0.162418   -9.969603
   99650.000000   -0.573240   -0.148087   -10.170237
   99660.000000   -0.568463   -0.262735   -10.069920
   99670.000000   -0.652061   -0.291397   -10.213230
   99680.000000   -0.546967   -0.171972   -10.074697
   99690.000000   -0.594737   -0.004777   -10.139187
   99700.000000   -0.511139   0.164807   -10.132021
   99710.000000   -0.515916   0.310505   -10.057978
   99720.000000   -0.546967   0.355887   -10.179791
   99730.000000   -0.518305   0.320059   -10.053201
   99740.000000   -0.472923   0.303340   -10.043647
   99750.000000   -0.477700   0.236462   -10.182180
   99760.000000   -0.599514   0.171972   -10.141575
   99770.000000   -0.551744   0.054936   -10.158295
   99780.000000   -0.582794   -0.031051   -10.141575
   99790.000000   -0.520693   -0.038216   -10.220396
   99800.000000   -0.539801   0.031051   -10.110525
   99810.000000   -0.589960   -0.021497   -10.158295
   99820.000000   -0.525470   0.133756   -10.155906
   99830.000000   -0.575629   0.203023   -10.108136
   99840.000000   -0.499197   0.217354   -10.198899
   99850.000000   -0.503974   0.231685   -10.048424
   99860.000000   -0.518305   0.193469   -10.105748
   99870.000000   -0.649672   0.145699   -10.079474
   99880.000000   -0.582794   0.095540   -10.124856
   99890.000000   -0.499197   -0.038216   -10.079474
   99900.000000   -0.563686   0.021497   -10.151129
   99910.000000   -0.563686   0.028662   -10.093805
   99920.000000   -0.551744   0.057324   -10.196511
   99930.000000   -0.525470   0.128979   -10.163072
   99940.000000   -0.453815   0.183915   -10.158295
   99950.000000   -0.542190   0.205411   -10.141575
   99960.000000   -0.520693   0.214965   -10.072309
   99970.000000   -0.601902   0.195857   -10.141575
   99980.000000   -0.511139   0.145699   -10.136798
   99990.000000   -0.501585   0.138533   -10.160683
   100000.000000   -0.513528   0.100317   -10.160683
   100010.000000   -0.563686   0.071655   -10.127244
   100020.000000   -0.518305   0.040605   -10.117690
   100030.000000   -0.573240   0.038216   -10.084251
   100040.000000   -0.632953   0.150476   -10.136798
   100050.000000   -0.551744   0.095540   -10.186957
   100060.000000   -0.539801   0.164807   -10.103359
   100070.000000   -0.535024   0.181526   -10.022150
   100080.000000   -0.506362   0.093152   -10.198899
   100090.000000   -0.544578   0.145699   -10.089028
   100100.000000   -0.523082   0.078821   -10.038870
   100110.000000   -0.549355   0.138533   -10.072309
   100120.000000   -0.563686   0.102706   -10.201288
   100130.000000   -0.551744   0.112260   -10.163072
   100140.000000   -0.563686   0.131368   -10.093805
   100150.000000   -0.487254   0.155253   -10.036481
   100160.000000   -0.480089   0.198246   -10.038870
   100170.000000   -0.544578   0.195857   -10.108136
   100180.000000   -0.549355   0.076432   -10.105748
   100190.000000   -0.585183   0.128979   -10.182180
   100200.000000   -0.556521   0.071655   -10.175014
   100210.000000   -0.477700   0.181526   -10.182180
   100220.000000   -0.492031   0.114648   -10.086640
   100230.000000   -0.501585   0.085986   -10.177403
   100240.000000   -0.532636   0.150476   -10.074697
   100250.000000   -0.542190   0.138533   -10.227561
   100260.000000   -0.570852   0.119425   -10.139187
   100270.000000   -0.544578   0.140922   -10.134410
   100280.000000   -0.482477   0.136145   -10.136798
   100290.000000   -0.570852   0.119425   -10.136798
   100300.000000   -0.573240   0.131368   -10.105748
   100310.000000   -0.542190   0.064490   -10.189345
   100320.000000   -0.563686   0.078821   -10.139187
   100330.000000   -0.525470   0.088375   -10.182180
   100340.000000   -0.558909   0.105094   -10.096194
   100350.000000   -0.618622   0.078821   -10.141575
   100360.000000   -0.532636   0.136145   -10.117690
   100370.000000   -0.558909   0.155253   -10.127244
   100380.000000   -0.549355   0.128979   -10.084251
   100390.000000   -0.489643   0.114648   -10.103359
   100400.000000   -0.594737   0.057324   -10.134410
   100410.000000   -0.575629   0.057324   -10.096194
   100420.000000   -0.527859   0.157641   -10.146352
   100430.000000   -0.551744   0.081209   -10.005431
   100440.000000   -0.568463   0.088375   -10.189345
   100450.000000   -0.582794   0.112260   -10.155906
   100460.000000   -0.515916   0.152864   -10.163072
   100470.000000   -0.539801   0.140922   -10.155906
   100480.000000   -0.530247   0.114648   -10.096194
   100490.000000   -0.535024   0.112260   -10.158295
   100500.000000   -0.580406   0.191080   -10.179791
   100510.000000   -0.566075   0.090763   -10.117690
   100520.000000   -0.589960   0.093152   -10.160683
   100530.000000   -0.520693   0.112260   -10.208453
   100540.000000   -0.503974   0.093152   -10.122467
   100550.000000   -0.511139   0.183915   -10.170237
   100560.000000   -0.546967   0.114648   -10.165460
   100570.000000   -0.523082   0.121814   -10.046035
   100580.000000   -0.477700   0.145699   -10.143964
   100590.000000   -0.527859   0.112260   -10.103359
   100600.000000   -0.558909   0.090763   -10.143964
   100610.000000   -0.575629   0.054936   -10.089028
   100620.000000   -0.544578   0.136145   -10.139187
   100630.000000   -0.499197   0.078821   -10.115302
   100640.000000   -0.556521   0.128979   -10.115302
   100650.000000   -0.535024   0.093152   -10.124856
   100660.000000   -0.568463   0.152864   -10.100971
   100670.000000   -0.589960   0.100317   -10.210842
   100680.000000   -0.573240   0.112260   -10.203676
   100690.000000   -0.556521   0.064490   -10.091417
   100700.000000   -0.568463   0.136145   -10.115302
   100710.000000   -0.535024   0.105094   -10.198899
   100720.000000   -0.587571   0.081209   -10.163072
   100730.000000   -0.537413   0.157641   -10.110525
   100740.000000   -0.599514   0.145699   -10.122467
   100750.000000   -0.551744   0.136145   -10.172626
   100760.000000   -0.575629   0.109871   -10.172626
   100770.000000   -0.625787   0.059713   -10.093805
   100780.000000   -0.563686   0.148087   -10.158295
   100790.000000   -0.503974   0.112260   -10.093805
   100800.000000   -0.566075   0.100317   -10.065143
   100810.000000   -0.506362   0.148087   -10.086640
   100820.000000   -0.587571   0.121814   -10.158295
   100830.000000   -0.482477   0.124202   -10.124856
   100840.000000   -0.520693   0.114648   -10.098582
   100850.000000   -0.506362   0.131368   -10.091417
   100860.000000   -0.535024   0.114648   -10.084251
   100870.000000   -0.544578   0.126591   -10.175014
   100880.000000   -0.556521   0.112260   -10.055589
   100890.000000   -0.549355   0.054936   -10.249058
   100900.000000   -0.546967   0.109871   -10.117690
   100910.000000   -0.539801   0.131368   -10.143964
   100920.000000   -0.472923   0.133756   -10.148741
   100930.000000   -0.589960   0.052547   -10.046035
   100940.000000   -0.513528   0.138533   -10.256223
   100950.000000   -0.549355   0.117037   -10.191734
   100960.000000   -0.582794   0.150476   -10.143964
   100970.000000   -0.582794   0.157641   -10.084251
   100980.000000   -0.515916   0.083598   -10.091417
   100990.000000   -0.563686   0.140922   -10.112913
   101000.000000   -0.544578   0.160030   -10.096194
   101010.000000   -0.561298   0.114648   -10.179791
   101020.000000   -0.523082   0.162418   -10.089028
   101030.000000   -0.511139   0.152864   -10.153518
   101040.000000   -0.487254   0.150476   -10.067532
   101050.000000   -0.513528   0.045382   -10.089028
   101060.000000   -0.513528   0.136145   -10.196511
   101070.000000   -0.532636   0.171972   -10.153518
   101080.000000   -0.532636   0.112260   -10.153518
   101090.000000   -0.499197   0.097929   -10.160683
   101100.000000   -0.551744   0.109871   -10.155906
   101110.000000   -0.477700   0.038216   -10.127244
   101120.000000   -0.556521   0.095540   -10.103359
   101130.000000   -0.518305   0.128979   -10.160683
   101140.000000   -0.513528   0.126591   -10.081863
   101150.000000   -0.601902   0.148087   -10.081863
   101160.000000   -0.609068   0.164807   -10.105748
   101170.000000   -0.568463   0.128979   -10.222784
   101180.000000   -0.589960   0.128979   -10.136798
   101190.000000   -0.523082   0.126591   -10.098582
   101200.000000   -0.525470   0.097929   -10.141575
   101210.000000   -0.609068   0.157641   -10.103359
   101220.000000   -0.551744   0.071655   -10.041258
   101230.000000   -0.566075   0.124202   -10.182180
   101240.000000   -0.544578   0.062101   -10.136798
   101250.000000   -0.499197   0.128979   -10.115302
   101260.000000   -0.499197   0.150476   -10.139187
   101270.000000   -0.568463   0.157641   -10.234727
   101280.000000   -0.544578   0.155253   -10.120079
   101290.000000   -0.523082   0.066878   -10.215619
   101300.000000   -0.465758   0.100317   -10.055589
   101310.000000   -0.515916   0.085986   -10.132021
   101320.000000   -0.551744   0.150476   -10.084251
   101330.000000   -0.518305   0.090763   -10.220396
   101340.000000   -0.542190   0.138533   -10.100971
   101350.000000   -0.594737   0.112260   -10.067532
   101360.000000   -0.563686   0.112260   -10.206065
   101370.000000   -0.511139   0.128979   -10.143964
   101380.000000   -0.530247   0.148087   -10.139187
   101390.000000   -0.568463   0.128979   -10.122467
   101400.000000   -0.503974   0.109871   -10.089028
   101410.000000   -0.544578   0.083598   -10.098582
   101420.000000   -0.546967   0.059713   -10.153518
   101430.000000   -0.566075   0.107483   -10.215619
   101440.000000   -0.563686   0.109871   -10.112913
   101450.000000   -0.535024   0.100317   -10.098582
   101460.000000   -0.523082   0.138533   -10.093805
   101470.000000   -0.578017   0.131368   -10.172626
   101480.000000   -0.544578   0.145699   -10.124856
   101490.000000   -0.492031   0.143310   -10.170237
   101500.000000   -0.573240   0.121814   -10.105748
   101510.000000   -0.544578   0.188692   -10.191734
   101520.000000   -0.616233   0.117037   -10.141575
   101530.000000   -0.561298   0.143310   -10.141575
   101540.000000   -0.484866   0.081209   -10.163072
   101550.000000   -0.523082   0.071655   -10.172626
   101560.000000   -0.472923   0.152864   -10.172626
   101570.000000   -0.599514   0.107483   -10.077086
   101580.000000   -0.532636   0.097929   -10.081863
   101590.000000   -0.544578   0.095540   -10.191734
   101600.000000   -0.542190   0.143310   -10.062755
   101610.000000   -0.515916   0.186303   -10.184568
   101620.000000   -0.542190   0.100317   -10.096194
   101630.000000   -0.578017   0.128979   -10.089028
   101640.000000   -0.549355   0.160030   -10.086640
   101650.000000   -0.489643   0.138533   -10.139187
   101660.000000   -0.546967   0.107483   -10.093805
   101670.000000   -0.477700   0.107483   -10.120079
   101680.000000   -0.518305   0.088375   -10.136798
   101690.000000   -0.518305   0.126591   -10.100971
   101700.000000   -0.556521   0.088375   -10.163072
   101710.000000   -0.499197   0.145699   -10.129633
   101720.000000   -0.530247   0.100317   -10.155906
   101730.000000   -0.539801   0.093152   -10.134410
   101740.000000   -0.539801   0.097929   -10.206065
   101750.000000   -0.573240   0.105094   -9.995877
   101760.000000   -0.568463   0.119425   -10.043647
   101770.000000   -0.532636   0.097929   -10.007819
   101780.000000   -0.573240   0.093152   -10.069920
   101790.000000   -0.551744   0.090763   -10.160683
   101800.000000   -0.513528   0.114648   -10.098582
   101810.000000   -0.551744   0.174361   -10.179791
   101820.000000   -0.525470   0.150476   -10.062755
   101830.000000   -0.527859   0.133756   -10.167849
   101840.000000   -0.575629   0.097929   -10.158295
   101850.000000   -0.506362   0.069267   -10.098582
   101860.000000   -0.544578   0.078821   -10.191734
   101870.000000   -0.570852   0.114648   -10.258612
   101880.000000   -0.503974   0.157641   -10.177403
   101890.000000   -0.578017   0.023885   -10.213230
   101900.000000   -0.539801   0.107483   -10.208453
   101910.000000   -0.594737   0.114648   -10.079474
   101920.000000   -0.520693   0.131368   -10.215619
   101930.000000   -0.556521   0.169584   -10.141575
   101940.000000   -0.511139   0.150476   -10.134410
   101950.000000   -0.563686   0.114648   -10.105748
   101960.000000   -0.539801   0.128979   -10.175014
   101970.000000   -0.568463   0.114648   -10.160683
   101980.000000   -0.525470   0.124202   -10.120079
   101990.000000   -0.546967   0.119425   -10.096194
   102000.000000   -0.556521   0.102706   -10.165460
   102010.000000   -0.523082   0.097929   -10.143964
   102020.000000   -0.501585   0.078821   -10.108136
   102030.000000   -0.518305   0.157641   -10.139187
   102040.000000   -0.568463   0.112260   -10.100971
   102050.000000   -0.508751   0.114648   -10.158295
   102060.000000   -0.578017   0.114648   -10.105748
   102070.000000   -0.518305   0.064490   -10.158295
   102080.000000   -0.549355   0.102706   -10.098582
   102090.000000   -0.589960   0.124202   -10.084251
   102100.000000   -0.544578   0.114648   -10.122467
   102110.000000   -0.556521   0.066878   -10.167849
   102120.000000   -0.611456   0.112260   -10.191734
   102130.000000   -0.532636   0.078821   -10.155906
   102140.000000   -0.570852   0.150476   -10.163072
   102150.000000   -0.556521   0.131368   -10.186957
   102160.000000   -0.568463   0.119425   -10.146352
   102170.000000   -0.544578   0.054936   -10.206065
   102180.000000   -0.561298   0.119425   -10.086640
   102190.000000   -0.515916   0.102706   -10.117690
   102200.000000   -0.570852   0.140922   -10.117690
   102210.000000   -0.537413   0.126591   -10.096194
   102220.000000   -0.511139   0.093152   -10.112913
   102230.000000   -0.549355   0.097929   -10.196511
   102240.000000   -0.539801   0.126591   -10.141575
   102250.000000   -0.561298   0.143310   -10.129633
   102260.000000   -0.537413   0.117037   -10.201288
   102270.000000   -0.578017   0.143310   -10.165460
   102280.000000   -0.520693   0.112260   -10.132021
   102290.000000   -0.503974   0.128979   -10.057978
   102300.000000   -0.518305   0.093152   -10.175014
   102310.000000   -0.542190   0.105094   -10.146352
   102320.000000   -0.523082   0.095540   -10.146352
   102330.000000   -0.527859   0.078821   -10.129633
   102340.000000   -0.525470   0.076432   -10.155906
   102350.000000   -0.573240   0.107483   -10.198899
   102360.000000   -0.570852   0.138533   -10.210842
   102370.000000   -0.554132   0.114648   -10.196511
   102380.000000   -0.542190   0.157641   -10.229950
   102390.000000   -0.544578   0.148087   -10.167849
   102400.000000   -0.535024   0.112260   -10.072309
   102410.000000   -0.544578   0.162418   -10.158295
   102420.000000   -0.480089   0.126591   -10.098582
   102430.000000   -0.503974   0.121814   -10.239504
   102440.000000   -0.530247   0.143310   -10.160683
   102450.000000   -0.449038   0.100317   -10.134410
   102460.000000   -0.570852   0.102706   -10.105748
   102470.000000   -0.578017   0.105094   -10.132021
   102480.000000   -0.532636   0.179138   -10.139187
   102490.000000   -0.520693   0.121814   -10.072309
   102500.000000   -0.530247   0.085986   -10.091417
   102510.000000   -0.515916   0.131368   -10.198899
   102520.000000   -0.535024   0.136145   -10.136798
   102530.000000   -0.570852   0.114648   -10.103359
   102540.000000   -0.520693   0.152864   -10.141575
   102550.000000   -0.563686   0.171972   -10.139187
   102560.000000   -0.511139   0.121814   -10.163072
   102570.000000   -0.551744   0.095540   -10.165460
   102580.000000   -0.499197   0.102706   -10.184568
   102590.000000   -0.542190   0.150476   -10.148741
   102600.000000   -0.554132   0.188692   -10.175014
   102610.000000   -0.539801   0.131368   -10.108136
   102620.000000   -0.568463   0.114648   -10.158295
   102630.000000   -0.580406   0.119425   -10.155906
   102640.000000   -0.535024   0.167195   -10.110525
   102650.000000   -0.592348   0.138533   -10.134410
   102660.000000   -0.573240   0.078821   -10.151129
   102670.000000   -0.518305   0.183915   -10.036481
   102680.000000   -0.611456   0.124202   -10.127244
   102690.000000   -0.568463   0.181526   -10.160683
   102700.000000   -0.515916   0.145699   -10.153518
   102710.000000   -0.523082   0.114648   -10.115302
   102720.000000   -0.551744   0.183915   -10.170237
   102730.000000   -0.511139   0.119425   -10.065143
   102740.000000   -0.594737   0.095540   -10.129633
   102750.000000   -0.544578   0.114648   -10.124856
   102760.000000   -0.537413   0.081209   -10.091417
   102770.000000   -0.542190   0.143310   -10.136798
   102780.000000   -0.520693   0.121814   -10.067532
   102790.000000   -0.551744   0.124202   -10.098582
   102800.000000   -0.546967   0.157641   -10.134410
   102810.000000   -0.558909   0.131368   -10.074697
   102820.000000   -0.558909   0.095540   -10.112913
   102830.000000   -0.563686   0.085986   -10.112913
   102840.000000   -0.556521   0.126591   -10.239504
   102850.000000   -0.520693   0.085986   -10.112913
   102860.000000   -0.518305   0.117037   -10.229950
   102870.000000   -0.546967   0.085986   -10.077086
   102880.000000   -0.511139   0.100317   -10.017373
   102890.000000   -0.573240   0.126591   -10.026927
   102900.000000   -0.549355   0.102706   -10.003042
   102910.000000   -0.496808   0.095540   -10.191734
   102920.000000   -0.532636   0.128979   -10.017373
   102930.000000   -0.506362   0.088375   -10.034093
   102940.000000   -0.594737   0.062101   -10.139187
   102950.000000   -0.525470   0.181526   -10.143964
   102960.000000   -0.618622   0.164807   -10.191734
   102970.000000   -0.508751   0.176749   -10.060366
   102980.000000   -0.520693   0.136145   -10.115302
   102990.000000   -0.587571   0.090763   -10.158295
   103000.000000   -0.582794   0.107483   -10.086640
   103010.000000   -0.554132   0.121814   -10.160683
   103020.000000   -0.535024   0.114648   -10.079474
   103030.000000   -0.592348   0.114648   -10.213230
   103040.000000   -0.480089   0.148087   -10.136798
   103050.000000   -0.625787   0.131368   -10.175014
   103060.000000   -0.556521   0.112260   -10.129633
   103070.000000   -0.539801   0.090763   -10.024539
   103080.000000   -0.523082   0.105094   -10.103359
   103090.000000   -0.623399   0.097929   -10.127244
   103100.000000   -0.518305   0.064490   -10.196511
   103110.000000   -0.463369   0.057324   -10.100971
   103120.000000   -0.515916   0.131368   -10.105748
   103130.000000   -0.551744   0.112260   -10.127244
   103140.000000   -0.575629   0.145699   -10.158295
   103150.000000   -0.573240   0.117037   -10.053201
   103160.000000   -0.585183   0.171972   -10.046035
   103170.000000   -0.518305   0.193469   -10.163072
   103180.000000   -0.585183   0.085986   -10.065143
   103190.000000   -0.554132   0.078821   -10.124856
   103200.000000   -0.599514   0.138533   -10.074697
   103210.000000   -0.537413   0.148087   -10.079474
   103220.000000   -0.515916   0.136145   -10.086640
   103230.000000   -0.487254   0.090763   -10.132021
   103240.000000   -0.544578   0.124202   -10.115302
   103250.000000   -0.532636   0.083598   -10.081863
   103260.000000   -0.515916   0.131368   -10.091417
   103270.000000   -0.549355   0.117037   -10.112913
   103280.000000   -0.544578   0.145699   -10.170237
   103290.000000   -0.525470   0.119425   -10.136798
   103300.000000   -0.573240   0.069267   -10.155906
   103310.000000   -0.556521   0.128979   -10.232338
   103320.000000   -0.568463   0.100317   -10.086640
   103330.000000   -0.546967   0.131368   -10.177403
   103340.000000   -0.520693   0.093152   -10.167849
   103350.000000   -0.563686   0.126591   -10.120079
   103360.000000   -0.566075   0.093152   -10.163072
   103370.000000   -0.472923   0.114648   -10.112913
   103380.000000   -0.484866   0.152864   -10.134410
   103390.000000   -0.503974   0.128979   -10.105748
   103400.000000   -0.580406   0.155253   -10.165460
   103410.000000   -0.523082   0.112260   -10.165460
   103420.000000   -0.566075   0.102706   -10.098582
   103430.000000   -0.511139   0.105094   -10.141575
   103440.000000   -0.515916   0.102706   -10.112913
   103450.000000   -0.585183   0.164807   -10.227561
   103460.000000   -0.549355   0.121814   -10.115302
   103470.000000   -0.537413   0.109871   -10.124856
   103480.000000   -0.544578   0.136145   -10.151129
   103490.000000   -0.563686   0.083598   -10.117690
   103500.000000   -0.568463   0.090763   -10.163072
   103510.000000   -0.468146   0.126591   -10.122467
   103520.000000   -0.566075   0.093152   -10.005431
   103530.000000   -0.537413   0.128979   -10.105748
   103540.000000   -0.575629   0.090763   -10.117690
   103550.000000   -0.549355   0.112260   -10.124856
   103560.000000   -0.556521   0.117037   -10.120079
   103570.000000   -0.599514   0.148087   -10.139187
   103580.000000   -0.532636   0.126591   -10.151129
   103590.000000   -0.549355   0.140922   -10.089028
   103600.000000   -0.616233   0.155253   -10.110525
   103610.000000   -0.537413   0.114648   -10.155906
   103620.000000   -0.558909   0.133756   -10.170237
   103630.000000   -0.566075   0.081209   -10.060366
   103640.000000   -0.456204   0.047770   -10.096194
   103650.000000   -0.515916   0.140922   -10.057978
   103660.000000   -0.492031   0.088375   -10.177403
   103670.000000   -0.575629   0.128979   -10.134410
   103680.000000   -0.482477   0.095540   -10.237115
   103690.000000   -0.520693   0.136145   -10.165460
   103700.000000   -0.556521   0.071655   -10.069920
   103710.000000   -0.549355   0.150476   -10.153518
   103720.000000   -0.580406   0.164807   -10.218007
   103730.000000   -0.549355   0.088375   -10.158295
   103740.000000   -0.568463   0.102706   -10.089028
   103750.000000   -0.523082   0.088375   -10.136798
   103760.000000   -0.523082   0.176749   -10.146352
   103770.000000   -0.487254   0.074044   -10.103359
   103780.000000   -0.511139   0.121814   -10.110525
   103790.000000   -0.544578   0.074044   -10.038870
   103800.000000   -0.532636   0.143310   -10.134410
   103810.000000   -0.532636   0.093152   -10.129633
   103820.000000   -0.542190   0.181526   -10.220396
   103830.000000   -0.585183   0.126591   -10.186957
   103840.000000   -0.589960   0.162418   -10.105748
   103850.000000   -0.575629   0.160030   -10.093805
   103860.000000   -0.539801   0.164807   -10.100971
   103870.000000   -0.549355   0.083598   -10.103359
   103880.000000   -0.532636   0.093152   -10.057978
   103890.000000   -0.594737   0.121814   -10.160683
   103900.000000   -0.632953   0.109871   -10.079474
   103910.000000   -0.530247   0.148087   -10.189345
   103920.000000   -0.503974   0.054936   -10.196511
   103930.000000   -0.508751   0.121814   -10.115302
   103940.000000   -0.578017   0.078821   -10.110525
   103950.000000   -0.501585   0.083598   -10.143964
   103960.000000   -0.566075   0.088375   -10.213230
   103970.000000   -0.556521   0.128979   -10.072309
   103980.000000   -0.613845   0.102706   -10.158295
   103990.000000   -0.549355   0.095540   -10.146352
   104000.000000   -0.499197   0.136145   -10.160683
   104010.000000   -0.558909   0.095540   -10.041258
   104020.000000   -0.523082   0.121814   -10.091417
   104030.000000   -0.532636   0.128979   -10.189345
   104040.000000   -0.563686   0.109871   -10.177403
   104050.000000   -0.568463   0.102706   -10.129633
   104060.000000   -0.496808   0.133756   -10.143964
   104070.000000   -0.489643   0.078821   -10.170237
   104080.000000   -0.518305   0.128979   -10.153518
   104090.000000   -0.573240   0.131368   -10.263389
   104100.000000   -0.518305   0.119425   -10.134410
   104110.000000   -0.537413   0.143310   -10.069920
   104120.000000   -0.453815   0.069267   -10.148741
   104130.000000   -0.539801   0.126591   -10.134410
   104140.000000   -0.609068   0.145699   -10.093805
   104150.000000   -0.554132   0.114648   -10.124856
   104160.000000   -0.570852   0.138533   -10.146352
   104170.000000   -0.549355   0.203023   -10.184568
   104180.000000   -0.575629   0.138533   -10.196511
   104190.000000   -0.434707   0.119425   -10.136798
   104200.000000   -0.515916   0.145699   -10.091417
   104210.000000   -0.458592   0.105094   -10.108136
   104220.000000   -0.542190   0.102706   -10.160683
   104230.000000   -0.575629   0.143310   -10.089028
   104240.000000   -0.535024   0.114648   -10.053201
   104250.000000   -0.563686   0.102706   -10.136798
   104260.000000   -0.535024   0.133756   -10.179791
   104270.000000   -0.523082   0.100317   -10.141575
   104280.000000   -0.558909   0.128979   -10.194122
   104290.000000   -0.535024   0.140922   -10.143964
   104300.000000   -0.513528   0.203023   -10.163072
   104310.000000   -0.506362   0.112260   -10.055589
   104320.000000   -0.546967   0.074044   -10.163072
   104330.000000   -0.542190   0.179138   -10.237115
   104340.000000   -0.563686   0.100317   -10.143964
   104350.000000   -0.549355   0.133756   -10.196511
   104360.000000   -0.523082   0.128979   -10.170237
   104370.000000   -0.578017   0.114648   -10.124856
   104380.000000   -0.530247   0.136145   -10.100971
   104390.000000   -0.573240   0.097929   -10.105748
   104400.000000   -0.566075   0.126591   -10.146352
   104410.000000   -0.587571   0.162418   -10.120079
   104420.000000   -0.549355   0.133756   -10.103359
   104430.000000   -0.568463   0.136145   -10.038870
   104440.000000   -0.594737   0.160030   -10.170237
   104450.000000   -0.621010   0.140922   -10.096194
   104460.000000   -0.558909   0.117037   -10.146352
   104470.000000   -0.525470   0.148087   -10.165460
   104480.000000   -0.472923   0.105094   -10.098582
   104490.000000   -0.558909   0.112260   -10.134410
   104500.000000   -0.549355   0.074044   -10.184568
   104510.000000   -0.499197   0.090763   -10.100971
   104520.000000   -0.592348   0.107483   -10.179791
   104530.000000   -0.551744   0.145699   -10.120079
   104540.000000   -0.456204   0.102706   -10.206065
   104550.000000   -0.492031   0.128979   -10.213230
   104560.000000   -0.511139   0.105094   -10.108136
   104570.000000   -0.621010   0.200634   -10.155906
   104580.000000   -0.518305   0.121814   -10.089028
   104590.000000   -0.530247   0.152864   -10.148741
   104600.000000   -0.508751   0.097929   -10.229950
   104610.000000   -0.523082   0.133756   -10.029316
   104620.000000   -0.515916   0.136145   -10.208453
   104630.000000   -0.513528   0.131368   -10.191734
   104640.000000   -0.568463   0.109871   -10.127244
   104650.000000   -0.513528   0.152864   -10.189345
   104660.000000   -0.544578   0.114648   -10.186957
   104670.000000   -0.489643   0.128979   -10.253835
   104680.000000   -0.578017   0.112260   -10.117690
   104690.000000   -0.492031   0.121814   -10.110525
   104700.000000   -0.530247   0.105094   -10.179791
   104710.000000   -0.542190   0.143310   -10.139187
   104720.000000   -0.563686   0.133756   -10.098582
   104730.000000   -0.546967   0.131368   -10.096194
   104740.000000   -0.525470   0.078821   -10.079474
   104750.000000   -0.518305   0.090763   -10.158295
   104760.000000   -0.537413   0.100317   -10.112913
   104770.000000   -0.539801   0.064490   -10.134410
   104780.000000   -0.535024   0.114648   -10.098582
   104790.000000   -0.520693   0.143310   -10.155906
   104800.000000   -0.513528   0.143310   -10.158295
   104810.000000   -0.492031   0.152864   -10.151129
   104820.000000   -0.537413   0.095540   -10.158295
   104830.000000   -0.585183   0.138533   -10.184568
   104840.000000   -0.501585   0.088375   -10.031704
   104850.000000   -0.501585   0.076432   -10.074697
   104860.000000   -0.609068   0.169584   -10.112913
   104870.000000   -0.525470   0.128979   -10.046035
   104880.000000   -0.589960   0.105094   -10.175014
   104890.000000   -0.582794   0.131368   -10.089028
   104900.000000   -0.487254   0.097929   -10.134410
   104910.000000   -0.575629   0.090763   -10.103359
   104920.000000   -0.563686   0.133756   -10.112913
   104930.000000   -0.568463   0.143310   -10.189345
   104940.000000   -0.551744   0.097929   -10.163072
   104950.000000   -0.589960   0.109871   -10.148741
   104960.000000   -0.492031   0.157641   -10.155906
   104970.000000   -0.501585   0.126591   -10.019762
   104980.000000   -0.544578   0.148087   -10.046035
   104990.000000   -0.530247   0.169584   -10.108136
   105000.000000   -0.508751   0.081209   -10.115302
   105010.000000   -0.537413   0.136145   -10.100971
   105020.000000   -0.532636   0.162418   -10.153518
   105030.000000   -0.566075   0.109871   -10.220396
   105040.000000   -0.532636   0.085986   -10.191734
   105050.000000   -0.530247   0.155253   -10.100971
   105060.000000   -0.484866   0.128979   -10.079474
   105070.000000   -0.499197   0.081209   -10.165460
   105080.000000   -0.621010   0.124202   -10.122467
   105090.000000   -0.520693   0.112260   -10.127244
   105100.000000   -0.489643   0.128979   -10.182180
   105110.000000   -0.451427   0.097929   -10.117690
   105120.000000   -0.544578   0.145699   -10.148741
   105130.000000   -0.546967   0.124202   -10.117690
   105140.000000   -0.506362   0.176749   -10.148741
   105150.000000   -0.492031   0.148087   -9.993488
   105160.000000   -0.525470   0.136145   -10.132021
   105170.000000   -0.527859   0.062101   -10.148741
   105180.000000   -0.542190   0.188692   -10.127244
   105190.000000   -0.578017   0.066878   -10.072309
   105200.000000   -0.561298   0.114648   -10.129633
   105210.000000   -0.503974   0.045382   -10.189345
   105220.000000   -0.575629   0.102706   -10.170237
   105230.000000   -0.503974   0.162418   -10.151129
   105240.000000   -0.482477   0.119425   -10.182180
   105250.000000   -0.518305   0.131368   -10.067532
   105260.000000   -0.525470   0.117037   -10.155906
   105270.000000   -0.573240   0.126591   -10.165460
   105280.000000   -0.523082   0.169584   -10.014985
   105290.000000   -0.551744   0.059713   -10.127244
   105300.000000   -0.506362   0.119425   -10.120079
   105310.000000   -0.480089   0.131368   -10.120079
   105320.000000   -0.535024   0.121814   -10.091417
   105330.000000   -0.511139   0.131368   -10.272943
   105340.000000   -0.546967   0.083598   -10.170237
   105350.000000   -0.535024   0.097929   -10.165460
   105360.000000   -0.551744   0.157641   -10.165460
   105370.000000   -0.554132   0.119425   -10.189345
   105380.000000   -0.575629   0.093152   -10.158295
   105390.000000   -0.487254   0.162418   -10.100971
   105400.000000   -0.542190   0.121814   -10.203676
   105410.000000   -0.578017   0.117037   -10.081863
   105420.000000   -0.563686   0.102706   -10.170237
   105430.000000   -0.549355   0.107483   -10.141575
   105440.000000   -0.549355   0.136145   -10.062755
   105450.000000   -0.472923   0.124202   -10.143964
   105460.000000   -0.537413   0.097929   -10.086640
   105470.000000   -0.513528   0.054936   -10.115302
   105480.000000   -0.513528   0.100317   -10.098582
   105490.000000   -0.515916   0.136145   -10.072309
   105500.000000   -0.561298   0.114648   -10.158295
   105510.000000   -0.492031   0.088375   -10.038870
   105520.000000   -0.563686   0.088375   -10.141575
   105530.000000   -0.580406   0.126591   -10.108136
   105540.000000   -0.558909   0.136145   -10.096194
   105550.000000   -0.542190   0.148087   -10.041258
   105560.000000   -0.535024   0.150476   -10.022150
   105570.000000   -0.535024   0.088375   -10.122467
   105580.000000   -0.558909   0.090763   -10.062755
   105590.000000   -0.487254   0.145699   -10.175014
   105600.000000   -0.489643   0.143310   -10.089028
   105610.000000   -0.561298   0.124202   -10.120079
   105620.000000   -0.575629   0.145699   -10.136798
   105630.000000   -0.637730   0.109871   -10.086640
   105640.000000   -0.530247   0.093152   -10.098582
   105650.000000   -0.556521   0.128979   -10.198899
   105660.000000   -0.539801   0.133756   -10.012596
   105670.000000   -0.525470   0.152864   -10.186957
   105680.000000   -0.523082   0.074044   -10.186957
   105690.000000   -0.530247   0.124202   -10.158295
   105700.000000   -0.503974   0.195857   -10.263389
   105710.000000   -0.599514   0.128979   -10.182180
   105720.000000   -0.592348   0.095540   -10.084251
   105730.000000   -0.523082   0.131368   -10.079474
   105740.000000   -0.563686   0.105094   -10.177403
   105750.000000   -0.513528   0.136145   -10.139187
   105760.000000   -0.589960   0.119425   -10.189345
   105770.000000   -0.556521   0.112260   -10.148741
   105780.000000   -0.499197   0.128979   -10.177403
   105790.000000   -0.475312   0.114648   -10.041258
   105800.000000   -0.503974   0.145699   -10.139187
   105810.000000   -0.563686   0.081209   -10.182180
   105820.000000   -0.546967   0.138533   -10.096194
   105830.000000   -0.601902   0.040605   -10.086640
   105840.000000   -0.465758   0.152864   -10.141575
   105850.000000   -0.594737   0.131368   -10.122467
   105860.000000   -0.568463   0.148087   -10.072309
   105870.000000   -0.515916   0.071655   -10.141575
   105880.000000   -0.513528   0.176749   -10.134410
   105890.000000   -0.453815   0.105094   -10.167849
   105900.000000   -0.444261   0.140922   -10.122467
   105910.000000   -0.551744   0.097929   -10.048424
   105920.000000   -0.594737   0.088375   -10.108136
   105930.000000   -0.537413   0.095540   -10.127244
   105940.000000   -0.575629   0.136145   -10.079474
   105950.000000   -0.539801   0.085986   -10.141575
   105960.000000   -0.637730   0.119425   -10.153518
   105970.000000   -0.508751   0.078821   -10.065143
   105980.000000   -0.532636   0.083598   -10.081863
   105990.000000   -0.551744   0.131368   -10.122467
   106000.000000   -0.568463   0.071655   -10.055589
   106010.000000   -0.554132   0.100317   -10.143964
   106020.000000   -0.568463   0.100317   -10.132021
   106030.000000   -0.539801   0.155253   -10.017373
   106040.000000   -0.515916   0.095540   -10.053201
   106050.000000   -0.503974   0.074044   -10.146352
   106060.000000   -0.568463   0.100317   -10.127244
   106070.000000   -0.549355   0.138533   -10.196511
   106080.000000   -0.527859   0.102706   -10.100971
   106090.000000   -0.575629   0.093152   -10.134410
   106100.000000   -0.518305   0.119425   -10.093805
   106110.000000   -0.589960   0.114648   -10.117690
   106120.000000   -0.518305   0.109871   -10.067532
   106130.000000   -0.554132   0.121814   -10.110525
   106140.000000   -0.575629   0.121814   -10.098582
   106150.000000   -0.518305   0.119425   -10.241892
   106160.000000   -0.532636   0.148087   -10.143964
   106170.000000   -0.513528   0.121814   -10.141575
   106180.000000   -0.544578   0.126591   -10.146352
   106190.000000   -0.585183   0.100317   -10.098582
   106200.000000   -0.518305   0.140922   -10.129633
   106210.000000   -0.568463   0.117037   -10.139187
   106220.000000   -0.511139   0.138533   -10.179791
   106230.000000   -0.554132   0.155253   -10.191734
   106240.000000   -0.542190   0.152864   -10.132021
   106250.000000   -0.515916   0.157641   -10.096194
   106260.000000   -0.594737   0.160030   -10.172626
   106270.000000   -0.527859   0.150476   -10.153518
   106280.000000   -0.527859   0.078821   -10.072309
   106290.000000   -0.472923   0.100317   -10.067532
   106300.000000   -0.587571   0.150476   -10.060366
   106310.000000   -0.532636   0.155253   -10.280108
   106320.000000   -0.515916   0.062101   -10.225173
   106330.000000   -0.458592   0.148087   -10.172626
   106340.000000   -0.549355   0.140922   -10.050812
   106350.000000   -0.537413   0.119425   -10.151129
   106360.000000   -0.513528   0.171972   -10.155906
   106370.000000   -0.563686   0.074044   -10.112913
   106380.000000   -0.515916   0.152864   -10.120079
   106390.000000   -0.585183   0.133756   -10.077086
   106400.000000   -0.535024   0.071655   -10.160683
   106410.000000   -0.506362   0.085986   -10.103359
   106420.000000   -0.539801   0.124202   -10.213230
   106430.000000   -0.525470   0.167195   -10.127244
   106440.000000   -0.539801   0.093152   -10.151129
   106450.000000   -0.539801   0.117037   -10.134410
   106460.000000   -0.621010   0.152864   -10.112913
   106470.000000   -0.530247   0.066878   -10.143964
   106480.000000   -0.578017   0.100317   -10.141575
   106490.000000   -0.544578   0.114648   -10.132021
   106500.000000   -0.506362   0.138533   -10.213230
   106510.000000   -0.523082   0.136145   -10.127244
   106520.000000   -0.537413   0.143310   -10.155906
   106530.000000   -0.582794   0.114648   -10.084251
   106540.000000   -0.549355   0.131368   -10.210842
   106550.000000   -0.532636   0.102706   -10.031704
   106560.000000   -0.527859   0.085986   -10.167849
   106570.000000   -0.561298   0.136145   -10.186957
   106580.000000   -0.549355   0.124202   -10.165460
   106590.000000   -0.503974   0.121814   -10.081863
   106600.000000   -0.492031   0.119425   -10.117690
   106610.000000   -0.542190   0.126591   -10.186957
   106620.000000   -0.480089   0.095540   -10.143964
   106630.000000   -0.518305   0.078821   -10.120079
   106640.000000   -0.523082   0.136145   -10.117690
   106650.000000   -0.625787   0.114648   -10.184568
   106660.000000   -0.518305   0.100317   -10.062755
   106670.000000   -0.542190   0.095540   -10.098582
   106680.000000   -0.597125   0.128979   -10.081863
   106690.000000   -0.532636   0.133756   -10.177403
   106700.000000   -0.539801   0.114648   -10.134410
   106710.000000   -0.480089   0.124202   -10.100971
   106720.000000   -0.520693   0.164807   -10.117690
   106730.000000   -0.456204   0.121814   -10.103359
   106740.000000   -0.561298   0.140922   -10.050812
   106750.000000   -0.506362   0.112260   -10.222784
   106760.000000   -0.549355   0.152864   -10.198899
   106770.000000   -0.511139   0.085986   -10.103359
   106780.000000   -0.563686   0.138533   -10.182180
   106790.000000   -0.484866   0.162418   -9.993488
   106800.000000   -0.535024   0.128979   -10.179791
   106810.000000   -0.549355   0.124202   -10.079474
   106820.000000   -0.568463   0.076432   -10.163072
   106830.000000   -0.554132   0.138533   -10.096194
   106840.000000   -0.570852   0.162418   -10.053201
   106850.000000   -0.570852   0.083598   -10.089028
   106860.000000   -0.494420   0.162418   -10.132021
   106870.000000   -0.566075   0.128979   -10.120079
   106880.000000   -0.640118   0.148087   -10.122467
   106890.000000   -0.520693   0.205411   -10.112913
   106900.000000   -0.573240   0.128979   -10.143964
   106910.000000   -0.537413   0.100317   -10.175014
   106920.000000   -0.618622   0.138533   -10.186957
   106930.000000   -0.549355   0.114648   -10.112913
   106940.000000   -0.542190   0.095540   -10.132021
   106950.000000   -0.530247   0.124202   -10.112913
   106960.000000   -0.556521   0.150476   -10.186957
   106970.000000   -0.566075   0.121814   -10.062755
   106980.000000   -0.508751   0.200634   -10.141575
   106990.000000   -0.513528   0.071655   -10.170237
   107000.000000   -0.551744   0.145699   -10.143964
   107010.000000   -0.539801   0.109871   -10.177403
   107020.000000   -0.556521   0.119425   -10.139187
   107030.000000   -0.523082   0.081209   -10.179791
   107040.000000   -0.537413   0.105094   -10.074697
   107050.000000   -0.525470   0.059713   -10.222784
   107060.000000   -0.558909   0.040605   -10.089028
   107070.000000   -0.503974   0.162418   -10.143964
   107080.000000   -0.568463   0.148087   -10.177403
   107090.000000   -0.537413   0.040605   -10.172626
   107100.000000   -0.546967   0.148087   -10.091417
   107110.000000   -0.546967   0.114648   -10.155906
   107120.000000   -0.539801   0.133756   -10.110525
   107130.000000   -0.532636   0.143310   -10.072309
   107140.000000   -0.570852   0.107483   -10.115302
   107150.000000   -0.503974   0.119425   -10.182180
   107160.000000   -0.527859   0.121814   -10.108136
   107170.000000   -0.575629   0.081209   -10.098582
   107180.000000   -0.492031   0.140922   -10.103359
   107190.000000   -0.484866   0.131368   -10.041258
   107200.000000   -0.558909   0.148087   -10.153518
   107210.000000   -0.463369   0.097929   -10.067532
   107220.000000   -0.511139   0.114648   -10.122467
   107230.000000   -0.487254   0.109871   -10.091417
   107240.000000   -0.530247   0.031051   -10.108136
   107250.000000   -0.546967   0.160030   -10.120079
   107260.000000   -0.530247   0.136145   -10.086640
   107270.000000   -0.611456   0.097929   -10.127244
   107280.000000   -0.525470   0.155253   -10.146352
   107290.000000   -0.573240   0.138533   -10.129633
   107300.000000   -0.556521   0.100317   -10.120079
   107310.000000   -0.506362   0.109871   -10.129633
   107320.000000   -0.582794   0.133756   -10.151129
   107330.000000   -0.544578   0.193469   -10.146352
   107340.000000   -0.489643   0.157641   -10.172626
   107350.000000   -0.563686   0.112260   -10.067532
   107360.000000   -0.494420   0.138533   -10.053201
   107370.000000   -0.542190   0.097929   -10.148741
   107380.000000   -0.539801   0.117037   -10.079474
   107390.000000   -0.568463   0.038216   -10.069920
   107400.000000   -0.506362   0.062101   -10.210842
   107410.000000   -0.580406   0.157641   -10.108136
   107420.000000   -0.544578   0.143310   -10.079474
   107430.000000   -0.554132   0.090763   -10.127244
   107440.000000   -0.539801   0.148087   -10.134410
   107450.000000   -0.537413   0.117037   -10.110525
   107460.000000   -0.532636   0.093152   -10.077086
   107470.000000   -0.508751   0.105094   -10.136798
   107480.000000   -0.532636   0.093152   -10.127244
   107490.000000   -0.460981   0.171972   -10.084251
   107500.000000   -0.513528   0.107483   -10.096194
   107510.000000   -0.484866   0.093152   -10.136798
   107520.000000   -0.508751   0.069267   -10.062755
   107530.000000   -0.525470   0.124202   -10.089028
   107540.000000   -0.585183   0.083598   -10.103359
   107550.000000   -0.492031   0.097929   -10.103359
   107560.000000   -0.520693   0.124202   -10.132021
   107570.000000   -0.515916   0.090763   -10.148741
   107580.000000   -0.525470   0.090763   -10.139187
   107590.000000   -0.477700   0.109871   -10.129633
   107600.000000   -0.527859   0.128979   -10.081863
   107610.000000   -0.525470   0.085986   -10.203676
   107620.000000   -0.499197   0.128979   -10.124856
   107630.000000   -0.556521   0.150476   -10.115302
   107640.000000   -0.568463   0.131368   -10.184568
   107650.000000   -0.513528   0.105094   -10.084251
   107660.000000   -0.520693   0.143310   -10.120079
   107670.000000   -0.532636   0.105094   -10.038870
   107680.000000   -0.551744   0.174361   -10.155906
   107690.000000   -0.618622   0.136145   -10.067532
   107700.000000   -0.499197   0.105094   -10.122467
   107710.000000   -0.561298   0.102706   -10.103359
   107720.000000   -0.606679   0.117037   -10.158295
   107730.000000   -0.566075   0.126591   -10.170237
   107740.000000   -0.539801   0.126591   -10.112913
   107750.000000   -0.527859   0.138533   -10.072309
   107760.000000   -0.546967   0.164807   -10.072309
   107770.000000   -0.549355   0.076432   -10.141575
   107780.000000   -0.499197   0.155253   -10.148741
   107790.000000   -0.582794   0.148087   -10.175014
   107800.000000   -0.525470   0.090763   -10.194122
   107810.000000   -0.594737   0.150476   -10.143964
   107820.000000   -0.556521   0.162418   -10.117690
   107830.000000   -0.468146   0.112260   -10.029316
   107840.000000   -0.556521   0.097929   -10.115302
   107850.000000   -0.558909   0.085986   -10.086640
   107860.000000   -0.523082   0.136145   -10.222784
   107870.000000   -0.492031   0.081209   -10.115302
   107880.000000   -0.544578   0.097929   -10.141575
   107890.000000   -0.575629   0.136145   -10.227561
   107900.000000   -0.537413   0.069267   -10.127244
   107910.000000   -0.563686   0.138533   -10.148741
   107920.000000   -0.566075   0.107483   -10.194122
   107930.000000   -0.506362   0.100317   -10.091417
   107940.000000   -0.582794   0.078821   -10.100971
   107950.000000   -0.554132   0.150476   -10.182180
   107960.000000   -0.542190   0.157641   -10.096194
   107970.000000   -0.570852   0.119425   -10.179791
   107980.000000   -0.537413   0.102706   -10.182180
   107990.000000   -0.558909   0.107483   -10.139187
   108000.000000   -0.523082   0.071655   -10.208453
   108010.000000   -0.532636   0.121814   -10.148741
   108020.000000   -0.556521   0.131368   -10.120079
   108030.000000   -0.568463   0.136145   -10.186957
   108040.000000   -0.496808   0.148087   -10.079474
   108050.000000   -0.537413   0.114648   -10.132021
   108060.000000   -0.561298   0.112260   -10.182180
   108070.000000   -0.549355   0.136145   -10.148741
   108080.000000   -0.597125   0.136145   -10.158295
   108090.000000   -0.585183   0.100317   -10.143964
   108100.000000   -0.501585   0.100317   -10.120079
   108110.000000   -0.508751   0.090763   -10.026927
   108120.000000   -0.589960   0.133756   -10.160683
   108130.000000   -0.585183   0.171972   -10.184568
   108140.000000   -0.551744   0.128979   -10.014985
   108150.000000   -0.535024   0.081209   -10.170237
   108160.000000   -0.539801   0.100317   -10.124856
   108170.000000   -0.482477   0.112260   -10.096194
   108180.000000   -0.515916   0.093152   -10.053201
   108190.000000   -0.580406   0.114648   -10.098582
   108200.000000   -0.532636   0.095540   -10.074697
   108210.000000   -0.525470   0.126591   -10.096194
   108220.000000   -0.513528   0.140922   -10.153518
   108230.000000   -0.489643   0.136145   -10.115302
   108240.000000   -0.546967   0.198246   -10.074697
   108250.000000   -0.487254   0.131368   -10.184568
   108260.000000   -0.561298   0.095540   -10.170237
   108270.000000   -0.513528   0.126591   -10.069920
   108280.000000   -0.568463   0.102706   -10.234727
   108290.000000   -0.568463   0.155253   -10.069920
   108300.000000   -0.503974   0.102706   -10.108136
   108310.000000   -0.599514   0.155253   -10.124856
   108320.000000   -0.580406   0.121814   -10.155906
   108330.000000   -0.511139   0.114648   -10.093805
   108340.000000   -0.511139   0.136145   -10.151129
   108350.000000   -0.597125   0.066878   -10.206065
   108360.000000   -0.525470   0.124202   -10.146352
   108370.000000   -0.542190   0.186303   -10.146352
   108380.000000   -0.506362   0.133756   -10.146352
   108390.000000   -0.546967   0.064490   -10.043647
   108400.000000   -0.494420   0.040605   -10.189345
   108410.000000   -0.589960   0.121814   -10.227561
   108420.000000   -0.539801   0.093152   -10.041258
   108430.000000   -0.489643   0.088375   -10.129633
   108440.000000   -0.513528   0.102706   -10.115302
   108450.000000   -0.551744   0.114648   -10.153518
   108460.000000   -0.513528   0.145699   -10.155906
   108470.000000   -0.513528   0.140922   -10.175014
   108480.000000   -0.537413   0.133756   -10.132021
   108490.000000   -0.508751   0.148087   -10.074697
   108500.000000   -0.573240   0.109871   -10.148741
   108510.000000   -0.563686   0.112260   -10.057978
   108520.000000   -0.511139   0.112260   -10.110525
   108530.000000   -0.530247   0.140922   -10.222784
   108540.000000   -0.537413   0.162418   -10.086640
   108550.000000   -0.616233   0.121814   -10.132021
   108560.000000   -0.558909   0.114648   -10.139187
   108570.000000   -0.539801   0.105094   -10.153518
   108580.000000   -0.544578   0.093152   -10.167849
   108590.000000   -0.566075   0.085986   -10.120079
   108600.000000   -0.563686   0.131368   -10.148741
   108610.000000   -0.494420   0.085986   -10.041258
   108620.000000   -0.575629   0.088375   -10.012596
   108630.000000   -0.499197   0.114648   -10.136798
   108640.000000   -0.527859   0.102706   -10.151129
   108650.000000   -0.542190   0.148087   -10.065143
   108660.000000   -0.487254   0.162418   -10.143964
   108670.000000   -0.580406   0.109871   -10.108136
   108680.000000   -0.532636   0.114648   -10.191734
   108690.000000   -0.544578   0.155253   -10.098582
   108700.000000   -0.503974   0.150476   -10.153518
   108710.000000   -0.470535   0.085986   -10.112913
   108720.000000   -0.582794   0.152864   -10.182180
   108730.000000   -0.582794   0.162418   -10.189345
   108740.000000   -0.604291   0.131368   -10.160683
   108750.000000   -0.515916   0.131368   -10.208453
   108760.000000   -0.527859   0.138533   -10.177403
   108770.000000   -0.580406   0.093152   -10.096194
   108780.000000   -0.549355   0.100317   -10.194122
   108790.000000   -0.506362   0.131368   -10.194122
   108800.000000   -0.542190   0.114648   -10.132021
   108810.000000   -0.523082   0.088375   -10.124856
   108820.000000   -0.523082   0.095540   -10.029316
   108830.000000   -0.489643   0.105094   -10.141575
   108840.000000   -0.568463   0.088375   -10.163072
   108850.000000   -0.556521   0.131368   -10.210842
   108860.000000   -0.544578   0.128979   -10.103359
   108870.000000   -0.470535   0.105094   -10.134410
   108880.000000   -0.492031   0.100317   -10.072309
   108890.000000   -0.544578   0.164807   -10.112913
   108900.000000   -0.549355   0.150476   -10.057978
   108910.000000   -0.566075   0.081209   -10.103359
   108920.000000   -0.582794   0.095540   -10.151129
   108930.000000   -0.508751   0.162418   -10.172626
   108940.000000   -0.544578   0.114648   -10.055589
   108950.000000   -0.568463   0.090763   -10.141575
   108960.000000   -0.542190   0.105094   -10.050812
   108970.000000   -0.589960   0.145699   -10.098582
   108980.000000   -0.549355   0.121814   -10.112913
   108990.000000   -0.518305   0.100317   -10.148741
   109000.000000   -0.563686   0.128979   -10.136798
   109010.000000   -0.437096   0.112260   -10.091417
   109020.000000   -0.544578   0.057324   -10.158295
   109030.000000   -0.537413   0.128979   -10.186957
   109040.000000   -0.561298   0.150476   -10.182180
   109050.000000   -0.580406   0.126591   -10.139187
   109060.000000   -0.546967   0.076432   -10.065143
   109070.000000   -0.537413   0.081209   -10.093805
   109080.000000   -0.551744   0.174361   -10.143964
   109090.000000   -0.460981   0.097929   -10.100971
   109100.000000   -0.525470   0.126591   -10.172626
   109110.000000   -0.537413   0.107483   -10.179791
   109120.000000   -0.537413   0.093152   -10.153518
   109130.000000   -0.575629   0.119425   -10.055589
   109140.000000   -0.546967   0.119425   -10.050812
   109150.000000   -0.511139   0.128979   -9.995877
   109160.000000   -0.530247   0.164807   -10.148741
   109170.000000   -0.518305   0.093152   -10.108136
   109180.000000   -0.520693   0.121814   -10.213230
   109190.000000   -0.549355   0.157641   -10.165460
   109200.000000   -0.527859   0.140922   -10.093805
   109210.000000   -0.573240   0.136145   -10.057978
   109220.000000   -0.518305   0.109871   -10.158295
   109230.000000   -0.556521   0.138533   -10.191734
   109240.000000   -0.513528   0.107483   -10.077086
   109250.000000   -0.434707   0.105094   -10.120079
   109260.000000   -0.525470   0.117037   -10.127244
   109270.000000   -0.499197   0.128979   -10.124856
   109280.000000   -0.551744   0.085986   -10.115302
   109290.000000   -0.558909   0.090763   -10.091417
   109300.000000   -0.496808   0.193469   -10.110525
   109310.000000   -0.539801   0.112260   -10.079474
   109320.000000   -0.530247   0.050159   -10.134410
   109330.000000   -0.549355   0.126591   -10.153518
   109340.000000   -0.530247   0.169584   -10.115302
   109350.000000   -0.578017   0.059713   -10.139187
   109360.000000   -0.515916   0.105094   -10.122467
   109370.000000   -0.568463   0.191080   -10.093805
   109380.000000   -0.503974   0.074044   -10.074697
   109390.000000   -0.580406   0.131368   -10.105748
   109400.000000   -0.542190   0.152864   -10.165460
   109410.000000   -0.594737   0.119425   -10.115302
   109420.000000   -0.523082   0.088375   -10.167849
   109430.000000   -0.546967   0.145699   -10.079474
   109440.000000   -0.563686   0.119425   -10.100971
   109450.000000   -0.535024   0.109871   -10.189345
   109460.000000   -0.585183   0.105094   -10.141575
   109470.000000   -0.537413   0.105094   -10.077086
   109480.000000   -0.554132   0.131368   -10.163072
   109490.000000   -0.546967   0.085986   -10.122467
   109500.000000   -0.520693   0.083598   -10.122467
   109510.000000   -0.458592   0.112260   -10.165460
   109520.000000   -0.537413   0.069267   -10.098582
   109530.000000   -0.506362   0.105094   -10.026927
   109540.000000   -0.556521   0.133756   -10.098582
   109550.000000   -0.561298   0.107483   -10.105748
   109560.000000   -0.527859   0.085986   -10.112913
   109570.000000   -0.573240   0.071655   -10.084251
   109580.000000   -0.537413   0.155253   -10.165460
   109590.000000   -0.511139   0.093152   -10.143964
   109600.000000   -0.513528   0.093152   -10.091417
   109610.000000   -0.613845   0.097929   -10.074697
   109620.000000   -0.575629   0.143310   -10.175014
   109630.000000   -0.563686   0.152864   -10.177403
   109640.000000   -0.520693   0.128979   -10.019762
   109650.000000   -0.549355   0.074044   -10.132021
   109660.000000   -0.575629   0.171972   -10.158295
   109670.000000   -0.573240   0.126591   -10.098582
   109680.000000   -0.492031   0.150476   -10.048424
   109690.000000   -0.587571   0.059713   -10.198899
   109700.000000   -0.601902   0.140922   -10.110525
   109710.000000   -0.542190   0.128979   -10.129633
   109720.000000   -0.573240   0.157641   -10.096194
   109730.000000   -0.549355   0.136145   -10.172626
   109740.000000   -0.523082   0.102706   -10.069920
   109750.000000   -0.587571   0.069267   -10.225173
   109760.000000   -0.561298   0.191080   -10.129633
   109770.000000   -0.549355   0.071655   -10.053201
   109780.000000   -0.525470   0.088375   -10.096194
   109790.000000   -0.503974   0.124202   -10.141575
   109800.000000   -0.518305   0.121814   -10.127244
   109810.000000   -0.518305   0.162418   -10.108136
   109820.000000   -0.520693   0.097929   -10.148741
   109830.000000   -0.523082   0.150476   -10.186957
   109840.000000   -0.566075   0.124202   -10.136798
   109850.000000   -0.494420   0.148087   -10.146352
   109860.000000   -0.575629   0.042993   -10.120079
   109870.000000   -0.587571   0.100317   -10.177403
   109880.000000   -0.549355   0.088375   -10.148741
   109890.000000   -0.549355   0.126591   -10.115302
   109900.000000   -0.503974   0.109871   -10.096194
   109910.000000   -0.573240   0.105094   -10.182180
   109920.000000   -0.530247   0.128979   -10.172626
   109930.000000   -0.539801   0.095540   -10.167849
   109940.000000   -0.544578   0.105094   -10.172626
   109950.000000   -0.489643   0.128979   -10.029316
   109960.000000   -0.601902   0.143310   -10.198899
   109970.000000   -0.546967   0.174361   -10.175014
   109980.000000   -0.544578   0.121814   -10.072309
   109990.000000   -0.546967   0.143310   -10.110525
   110000.000000   -0.480089   0.148087   -10.244281
   110010.000000   -0.535024   0.186303   -10.124856
   110020.000000   -0.549355   0.136145   -10.105748
   110030.000000   -0.492031   0.097929   -10.148741
   110040.000000   -0.518305   0.081209   -10.146352
   110050.000000   -0.573240   0.114648   -10.220396
   110060.000000   -0.520693   0.183915   -10.098582
   110070.000000   -0.530247   0.093152   -10.077086
   110080.000000   -0.542190   0.105094   -10.143964
   110090.000000   -0.535024   0.179138   -10.179791
   110100.000000   -0.520693   0.124202   -10.153518
   110110.000000   -0.525470   0.143310   -10.198899
   110120.000000   -0.587571   0.112260   -10.124856
   110130.000000   -0.535024   0.102706   -10.060366
   110140.000000   -0.508751   0.119425   -10.062755
   110150.000000   -0.544578   0.102706   -10.036481
   110160.000000   -0.496808   0.093152   -10.103359
   110170.000000   -0.549355   0.112260   -10.024539
   110180.000000   -0.558909   0.121814   -10.069920
   110190.000000   -0.594737   0.054936   -10.098582
   110200.000000   -0.537413   0.114648   -10.158295
   110210.000000   -0.532636   0.155253   -10.067532
   110220.000000   -0.477700   0.090763   -10.134410
   110230.000000   -0.503974   0.128979   -10.122467
   110240.000000   -0.613845   0.124202   -10.012596
   110250.000000   -0.523082   0.107483   -10.089028
   110260.000000   -0.589960   0.152864   -10.160683
   110270.000000   -0.554132   0.121814   -10.112913
   110280.000000   -0.525470   0.114648   -10.186957
   110290.000000   -0.511139   0.131368   -10.179791
   110300.000000   -0.520693   0.105094   -10.155906
   110310.000000   -0.508751   0.121814   -10.148741
   110320.000000   -0.556521   0.128979   -10.146352
   110330.000000   -0.530247   0.109871   -10.167849
   110340.000000   -0.637730   0.090763   -10.115302
   110350.000000   -0.568463   0.112260   -10.191734
   110360.000000   -0.546967   0.121814   -10.179791
   110370.000000   -0.582794   0.119425   -10.103359
   110380.000000   -0.544578   0.198246   -10.222784
   110390.000000   -0.566075   0.169584   -10.163072
   110400.000000   -0.530247   0.102706   -10.158295
   110410.000000   -0.539801   0.136145   -10.141575
   110420.000000   -0.530247   0.102706   -10.115302
   110430.000000   -0.582794   0.112260   -10.201288
   110440.000000   -0.511139   0.090763   -10.117690
   110450.000000   -0.527859   0.143310   -10.213230
   110460.000000   -0.523082   0.117037   -10.208453
   110470.000000   -0.561298   0.059713   -10.091417
   110480.000000   -0.501585   0.105094   -10.148741
   110490.000000   -0.530247   0.057324   -10.112913
   110500.000000   -0.503974   0.136145   -10.127244
   110510.000000   -0.525470   0.112260   -10.122467
   110520.000000   -0.508751   0.097929   -10.057978
   110530.000000   -0.570852   0.107483   -10.134410
   110540.000000   -0.492031   0.133756   -10.215619
   110550.000000   -0.606679   0.117037   -10.153518
   110560.000000   -0.628176   0.109871   -10.069920
   110570.000000   -0.551744   0.105094   -10.091417
   110580.000000   -0.518305   0.107483   -10.110525
   110590.000000   -0.527859   0.119425   -10.086640
   110600.000000   -0.511139   0.100317   -10.115302
   110610.000000   -0.563686   0.074044   -10.124856
   110620.000000   -0.556521   0.119425   -10.186957
   110630.000000   -0.575629   0.148087   -10.134410
   110640.000000   -0.554132   0.155253   -10.146352
   110650.000000   -0.549355   0.109871   -10.043647
   110660.000000   -0.544578   0.097929   -10.117690
   110670.000000   -0.525470   0.140922   -10.122467
   110680.000000   -0.525470   0.143310   -10.127244
   110690.000000   -0.544578   0.124202   -10.153518
   110700.000000   -0.544578   0.109871   -10.038870
   110710.000000   -0.530247   0.136145   -10.158295
   110720.000000   -0.530247   0.107483   -10.091417
   110730.000000   -0.523082   0.064490   -10.184568
   110740.000000   -0.544578   0.155253   -10.170237
   110750.000000   -0.523082   0.119425   -10.163072
   110760.000000   -0.544578   0.160030   -10.124856
   110770.000000   -0.515916   0.145699   -10.115302
   110780.000000   -0.549355   0.033439   -10.112913
   110790.000000   -0.570852   0.112260   -9.998265
   110800.000000   -0.503974   0.126591   -10.043647
   110810.000000   -0.542190   0.138533   -10.139187
   110820.000000   -0.480089   0.126591   -10.143964
   110830.000000   -0.580406   0.102706   -10.077086
   110840.000000   -0.501585   0.155253   -10.098582
   110850.000000   -0.515916   0.126591   -10.096194
   110860.000000   -0.508751   0.095540   -10.215619
   110870.000000   -0.568463   0.100317   -10.208453
   110880.000000   -0.556521   0.193469   -10.158295
   110890.000000   -0.508751   0.114648   -10.048424
   110900.000000   -0.511139   0.169584   -10.112913
   110910.000000   -0.561298   0.114648   -10.084251
   110920.000000   -0.499197   0.138533   -10.079474
   110930.000000   -0.518305   0.112260   -10.091417
   110940.000000   -0.601902   0.071655   -10.057978
   110950.000000   -0.556521   0.121814   -10.203676
   110960.000000   -0.601902   0.128979   -10.198899
   110970.000000   -0.508751   0.112260   -10.191734
   110980.000000   -0.563686   0.133756   -10.141575
   110990.000000   -0.523082   0.114648   -10.105748
   111000.000000   -0.542190   0.097929   -10.153518
   111010.000000   -0.613845   0.119425   -10.160683
   111020.000000   -0.535024   0.133756   -10.014985
   111030.000000   -0.484866   0.052547   -10.189345
   111040.000000   -0.496808   0.145699   -10.086640
   111050.000000   -0.563686   0.140922   -10.175014
   111060.000000   -0.623399   0.112260   -10.089028
   111070.000000   -0.518305   0.148087   -10.110525
   111080.000000   -0.487254   0.093152   -10.229950
   111090.000000   -0.535024   0.114648   -10.117690
   111100.000000   -0.532636   0.174361   -10.065143
   111110.000000   -0.592348   0.076432   -10.055589
   111120.000000   -0.561298   0.097929   -10.120079
   111130.000000   -0.556521   0.148087   -10.191734
   111140.000000   -0.578017   0.121814   -10.098582
   111150.000000   -0.546967   0.121814   -10.139187
   111160.000000   -0.563686   0.148087   -10.117690
   111170.000000   -0.527859   0.095540   -10.222784
   111180.000000   -0.568463   0.121814   -10.148741
   111190.000000   -0.499197   0.152864   -10.048424
   111200.000000   -0.480089   0.102706   -10.148741
   111210.000000   -0.601902   0.074044   -10.177403
   111220.000000   -0.489643   0.131368   -10.165460
   111230.000000   -0.580406   0.126591   -10.189345
   111240.000000   -0.566075   0.112260   -10.160683
   111250.000000   -0.563686   0.112260   -10.186957
   111260.000000   -0.518305   0.095540   -10.167849
   111270.000000   -0.589960   0.057324   -10.196511
   111280.000000   -0.527859   0.112260   -10.108136
   111290.000000   -0.511139   0.112260   -10.115302
   111300.000000   -0.527859   0.081209   -10.110525
   111310.000000   -0.597125   0.117037   -10.105748
   111320.000000   -0.480089   0.105094   -10.136798
   111330.000000   -0.470535   0.124202   -10.186957
   111340.000000   -0.503974   0.124202   -10.091417
   111350.000000   -0.513528   0.117037   -10.155906
   111360.000000   -0.511139   0.109871   -10.069920
   111370.000000   -0.589960   0.069267   -10.122467
   111380.000000   -0.549355   0.155253   -10.122467
   111390.000000   -0.501585   0.183915   -10.120079
   111400.000000   -0.594737   0.169584   -10.172626
   111410.000000   -0.573240   0.124202   -10.122467
   111420.000000   -0.575629   0.140922   -10.069920
   111430.000000   -0.523082   0.095540   -10.146352
   111440.000000   -0.606679   0.164807   -10.136798
   111450.000000   -0.515916   0.074044   -10.053201
   111460.000000   -0.501585   0.054936   -10.100971
   111470.000000   -0.525470   0.145699   -10.167849
   111480.000000   -0.537413   0.090763   -10.184568
   111490.000000   -0.503974   0.076432   -10.055589
   111500.000000   -0.649672   0.114648   -10.108136
   111510.000000   -0.554132   0.167195   -10.117690
   111520.000000   -0.582794   0.093152   -10.115302
   111530.000000   -0.546967   0.124202   -10.079474
   111540.000000   -0.527859   0.140922   -10.163072
   111550.000000   -0.515916   0.112260   -10.208453
   111560.000000   -0.527859   0.083598   -10.103359
   111570.000000   -0.484866   0.105094   -10.134410
   111580.000000   -0.544578   0.112260   -10.143964
   111590.000000   -0.527859   0.121814   -10.170237
   111600.000000   -0.530247   0.148087   -10.026927
   111610.000000   -0.546967   0.119425   -10.098582
   111620.000000   -0.549355   0.071655   -10.115302
   111630.000000   -0.515916   0.119425   -10.100971
   111640.000000   -0.518305   0.088375   -10.139187
   111650.000000   -0.556521   0.124202   -10.026927
   111660.000000   -0.542190   0.107483   -10.218007
   111670.000000   -0.470535   0.093152   -10.086640
   111680.000000   -0.551744   0.093152   -10.098582
   111690.000000   -0.487254   0.131368   -10.153518
   111700.000000   -0.578017   0.128979   -10.089028
   111710.000000   -0.575629   0.105094   -10.177403
   111720.000000   -0.523082   0.164807   -10.172626
   111730.000000   -0.503974   0.112260   -10.151129
   111740.000000   -0.566075   0.109871   -10.146352
   111750.000000   -0.558909   0.145699   -10.117690
   111760.000000   -0.537413   0.107483   -10.163072
   111770.000000   -0.508751   0.059713   -10.067532
   111780.000000   -0.484866   0.143310   -10.010208
   111790.000000   -0.542190   0.076432   -10.105748
   111800.000000   -0.539801   0.114648   -10.108136
   111810.000000   -0.530247   0.176749   -10.165460
   111820.000000   -0.463369   0.105094   -10.172626
   111830.000000   -0.492031   0.121814   -10.110525
   111840.000000   -0.568463   0.124202   -10.084251
   111850.000000   -0.558909   0.128979   -10.139187
   111860.000000   -0.527859   0.095540   -10.124856
   111870.000000   -0.589960   0.109871   -10.143964
   111880.000000   -0.530247   0.143310   -10.141575
   111890.000000   -0.585183   0.097929   -10.077086
   111900.000000   -0.520693   0.128979   -10.160683
   111910.000000   -0.606679   0.183915   -10.098582
   111920.000000   -0.539801   0.102706   -10.108136
   111930.000000   -0.640118   0.105094   -10.244281
   111940.000000   -0.551744   0.117037   -10.103359
   111950.000000   -0.568463   0.105094   -10.065143
   111960.000000   -0.532636   0.164807   -10.048424
   111970.000000   -0.558909   0.105094   -10.060366
   111980.000000   -0.530247   0.109871   -10.237115
   111990.000000   -0.561298   0.119425   -10.120079
   112000.000000   -0.568463   0.155253   -10.122467
   112010.000000   -0.556521   0.126591   -10.146352
   112020.000000   -0.532636   0.157641   -10.129633
   112030.000000   -0.561298   0.150476   -10.129633
   112040.000000   -0.563686   0.083598   -10.244281
   112050.000000   -0.566075   0.126591   -10.170237
   112060.000000   -0.511139   0.097929   -10.198899
   112070.000000   -0.544578   0.131368   -10.122467
   112080.000000   -0.470535   0.136145   -10.122467
   112090.000000   -0.511139   0.121814   -10.160683
   112100.000000   -0.525470   0.095540   -10.189345
   112110.000000   -0.578017   0.064490   -10.182180
   112120.000000   -0.575629   0.095540   -10.127244
   112130.000000   -0.575629   0.133756   -10.143964
   112140.000000   -0.508751   0.179138   -10.182180
   112150.000000   -0.506362   0.121814   -10.132021
   112160.000000   -0.551744   0.181526   -10.110525
   112170.000000   -0.554132   0.145699   -10.163072
   112180.000000   -0.570852   0.093152   -10.153518
   112190.000000   -0.530247   0.117037   -10.072309
   112200.000000   -0.530247   0.114648   -10.136798
   112210.000000   -0.575629   0.112260   -10.124856
   112220.000000   -0.561298   0.057324   -10.177403
   112230.000000   -0.573240   0.126591   -10.098582
   112240.000000   -0.563686   0.179138   -10.093805
   112250.000000   -0.554132   0.062101   -10.120079
   112260.000000   -0.582794   0.143310   -10.122467
   112270.000000   -0.578017   0.131368   -10.194122
   112280.000000   -0.554132   0.138533   -10.055589
   112290.000000   -0.530247   0.102706   -10.098582
   112300.000000   -0.515916   0.162418   -10.177403
   112310.000000   -0.542190   0.124202   -10.072309
   112320.000000   -0.537413   0.114648   -10.182180
   112330.000000   -0.587571   0.162418   -10.146352
   112340.000000   -0.575629   0.131368   -10.153518
   112350.000000   -0.537413   0.100317   -10.165460
   112360.000000   -0.501585   0.097929   -10.112913
   112370.000000   -0.456204   0.140922   -10.179791
   112380.000000   -0.525470   0.114648   -10.103359
   112390.000000   -0.630564   0.109871   -10.222784
   112400.000000   -0.499197   0.145699   -10.079474
   112410.000000   -0.611456   0.150476   -10.186957
   112420.000000   -0.537413   0.052547   -10.112913
   112430.000000   -0.537413   0.157641   -10.108136
   112440.000000   -0.535024   0.136145   -10.191734
   112450.000000   -0.532636   0.105094   -10.089028
   112460.000000   -0.582794   0.085986   -10.022150
   112470.000000   -0.544578   0.078821   -10.062755
   112480.000000   -0.544578   0.157641   -10.115302
   112490.000000   -0.580406   0.133756   -10.100971
   112500.000000   -0.597125   0.133756   -10.198899
   112510.000000   -0.599514   0.136145   -10.136798
   112520.000000   -0.532636   0.191080   -10.112913
   112530.000000   -0.501585   0.097929   -10.143964
   112540.000000   -0.546967   0.124202   -10.046035
   112550.000000   -0.492031   0.179138   -10.196511
   112560.000000   -0.563686   0.093152   -10.038870
   112570.000000   -0.563686   0.126591   -10.184568
   112580.000000   -0.523082   0.171972   -10.096194
   112590.000000   -0.527859   0.105094   -10.177403
   112600.000000   -0.585183   0.114648   -10.012596
   112610.000000   -0.573240   0.078821   -10.129633
   112620.000000   -0.544578   0.157641   -10.153518
   112630.000000   -0.589960   0.138533   -10.182180
   112640.000000   -0.544578   0.100317   -10.120079
   112650.000000   -0.561298   0.195857   -10.086640
   112660.000000   -0.544578   0.093152   -10.129633
   112670.000000   -0.561298   0.126591   -10.184568
   112680.000000   -0.573240   0.109871   -10.237115
   112690.000000   -0.549355   0.083598   -10.136798
   112700.000000   -0.563686   0.112260   -10.096194
   112710.000000   -0.561298   0.114648   -10.057978
   112720.000000   -0.544578   0.117037   -10.141575
   112730.000000   -0.477700   0.152864   -10.122467
   112740.000000   -0.563686   0.090763   -10.139187
   112750.000000   -0.494420   0.054936   -10.237115
   112760.000000   -0.539801   0.085986   -10.153518
   112770.000000   -0.582794   0.078821   -10.129633
   112780.000000   -0.518305   0.133756   -10.089028
   112790.000000   -0.563686   0.138533   -10.184568
   112800.000000   -0.496808   0.133756   -10.093805
   112810.000000   -0.544578   0.157641   -10.112913
   112820.000000   -0.599514   0.119425   -10.093805
   112830.000000   -0.496808   0.114648   -10.096194
   112840.000000   -0.499197   0.100317   -10.127244
   112850.000000   -0.554132   0.136145   -10.134410
   112860.000000   -0.549355   0.152864   -10.167849
   112870.000000   -0.537413   0.097929   -10.134410
   112880.000000   -0.594737   0.100317   -10.136798
   112890.000000   -0.487254   0.109871   -10.115302
   112900.000000   -0.535024   0.119425   -10.098582
   112910.000000   -0.551744   0.105094   -10.146352
   112920.000000   -0.503974   0.062101   -10.213230
   112930.000000   -0.544578   0.121814   -10.186957
   112940.000000   -0.494420   0.109871   -10.124856
   112950.000000   -0.518305   0.183915   -10.132021
   112960.000000   -0.587571   0.100317   -10.179791
   112970.000000   -0.539801   0.140922   -10.108136
   112980.000000   -0.549355   0.112260   -10.153518
   112990.000000   -0.492031   0.174361   -10.170237
   113000.000000   -0.496808   0.128979   -10.163072
   113010.000000   -0.499197   0.112260   -10.129633
   113020.000000   -0.535024   0.105094   -10.074697
   113030.000000   -0.506362   0.126591   -10.120079
   113040.000000   -0.563686   0.071655   -10.048424
   113050.000000   -0.582794   0.093152   -10.096194
   113060.000000   -0.513528   0.121814   -10.108136
   113070.000000   -0.489643   0.095540   -10.105748
   113080.000000   -0.597125   0.112260   -10.163072
   113090.000000   -0.539801   0.138533   -10.136798
   113100.000000   -0.530247   0.112260   -10.134410
   113110.000000   -0.503974   0.162418   -10.136798
   113120.000000   -0.475312   0.093152   -10.062755
   113130.000000   -0.568463   0.105094   -10.103359
   113140.000000   -0.523082   0.090763   -10.194122
   113150.000000   -0.601902   0.160030   -10.191734
   113160.000000   -0.546967   0.148087   -10.182180
   113170.000000   -0.518305   0.140922   -10.096194
   113180.000000   -0.499197   0.109871   -10.098582
   113190.000000   -0.561298   0.145699   -10.110525
   113200.000000   -0.537413   0.114648   -10.177403
   113210.000000   -0.506362   0.171972   -10.146352
   113220.000000   -0.470535   0.105094   -10.198899
   113230.000000   -0.520693   0.128979   -10.026927
   113240.000000   -0.568463   0.078821   -10.127244
   113250.000000   -0.460981   0.093152   -10.105748
   113260.000000   -0.554132   0.071655   -10.120079
   113270.000000   -0.575629   0.109871   -10.089028
   113280.000000   -0.432319   0.093152   -10.120079
   113290.000000   -0.520693   0.124202   -10.163072
   113300.000000   -0.535024   0.109871   -10.105748
   113310.000000   -0.537413   0.126591   -10.065143
   113320.000000   -0.537413   0.093152   -10.057978
   113330.000000   -0.563686   0.128979   -10.115302
   113340.000000   -0.518305   0.112260   -10.132021
   113350.000000   -0.539801   0.164807   -10.124856
   113360.000000   -0.537413   0.126591   -10.046035
   113370.000000   -0.601902   0.128979   -10.175014
   113380.000000   -0.532636   0.085986   -10.129633
   113390.000000   -0.563686   0.143310   -10.124856
   113400.000000   -0.554132   0.121814   -10.053201
   113410.000000   -0.578017   0.105094   -10.165460
   113420.000000   -0.551744   0.105094   -10.089028
   113430.000000   -0.549355   0.097929   -10.124856
   113440.000000   -0.539801   0.152864   -10.189345
   113450.000000   -0.537413   0.174361   -10.122467
   113460.000000   -0.515916   0.143310   -10.143964
   113470.000000   -0.558909   0.128979   -10.072309
   113480.000000   -0.568463   0.100317   -10.141575
   113490.000000   -0.499197   0.121814   -10.120079
   113500.000000   -0.573240   0.117037   -10.096194
   113510.000000   -0.556521   0.121814   -10.110525
   113520.000000   -0.492031   0.050159   -10.074697
   113530.000000   -0.535024   0.105094   -10.167849
   113540.000000   -0.484866   0.143310   -10.151129
   113550.000000   -0.568463   0.102706   -10.143964
   113560.000000   -0.489643   0.081209   -10.148741
   113570.000000   -0.542190   0.121814   -10.103359
   113580.000000   -0.518305   0.164807   -10.120079
   113590.000000   -0.558909   0.198246   -10.069920
   113600.000000   -0.492031   0.112260   -10.089028
   113610.000000   -0.551744   0.105094   -10.091417
   113620.000000   -0.527859   0.119425   -10.141575
   113630.000000   -0.558909   0.109871   -10.120079
   113640.000000   -0.456204   0.150476   -10.050812
   113650.000000   -0.566075   0.081209   -10.124856
   113660.000000   -0.551744   0.119425   -10.141575
   113670.000000   -0.566075   0.078821   -10.084251
   113680.000000   -0.525470   0.133756   -10.155906
   113690.000000   -0.518305   0.155253   -9.991100
   113700.000000   -0.659226   0.085986   -10.175014
   113710.000000   -0.566075   0.114648   -10.132021
   113720.000000   -0.525470   0.097929   -10.115302
   113730.000000   -0.556521   0.128979   -10.146352
   113740.000000   -0.530247   0.109871   -10.110525
   113750.000000   -0.554132   0.066878   -10.191734
   113760.000000   -0.566075   0.121814   -10.201288
   113770.000000   -0.606679   0.105094   -10.096194
   113780.000000   -0.523082   0.167195   -10.046035
   113790.000000   -0.544578   0.045382   -10.112913
   113800.000000   -0.568463   0.081209   -10.136798
   113810.000000   -0.556521   0.143310   -10.115302
   113820.000000   -0.537413   0.150476   -10.115302
   113830.000000   -0.530247   0.097929   -10.057978
   113840.000000   -0.511139   0.148087   -10.136798
   113850.000000   -0.573240   0.078821   -10.184568
   113860.000000   -0.487254   0.191080   -10.127244
   113870.000000   -0.621010   0.076432   -10.117690
   113880.000000   -0.511139   0.155253   -10.069920
   113890.000000   -0.556521   0.140922   -10.155906
   113900.000000   -0.499197   0.136145   -10.141575
   113910.000000   -0.537413   0.090763   -10.189345
   113920.000000   -0.525470   0.081209   -10.184568
   113930.000000   -0.511139   0.062101   -10.096194
   113940.000000   -0.508751   0.112260   -10.179791
   113950.000000   -0.527859   0.143310   -10.043647
   113960.000000   -0.582794   0.145699   -10.143964
   113970.000000   -0.604291   0.198246   -10.136798
   113980.000000   -0.525470   0.093152   -10.206065
   113990.000000   -0.496808   0.126591   -10.179791
   114000.000000   -0.520693   0.121814   -10.172626
   114010.000000   -0.563686   0.114648   -10.072309
   114020.000000   -0.518305   0.128979   -10.112913
   114030.000000   -0.597125   0.138533   -10.120079
   114040.000000   -0.484866   0.117037   -10.158295
   114050.000000   -0.520693   0.076432   -10.108136
   114060.000000   -0.508751   0.138533   -10.041258
   114070.000000   -0.556521   0.085986   -10.170237
   114080.000000   -0.544578   0.074044   -10.055589
   114090.000000   -0.561298   0.081209   -10.065143
   114100.000000   -0.544578   0.081209   -10.139187
   114110.000000   -0.556521   0.131368   -10.182180
   114120.000000   -0.575629   0.112260   -10.179791
   114130.000000   -0.530247   0.112260   -10.079474
   114140.000000   -0.499197   0.088375   -10.120079
   114150.000000   -0.532636   0.114648   -10.007819
   114160.000000   -0.542190   0.090763   -10.029316
   114170.000000   -0.563686   0.095540   -10.165460
   114180.000000   -0.630564   0.095540   -10.122467
   114190.000000   -0.628176   0.121814   -10.179791
   114200.000000   -0.480089   0.169584   -10.186957
   114210.000000   -0.551744   0.131368   -10.148741
   114220.000000   -0.556521   0.114648   -10.120079
   114230.000000   -0.558909   0.105094   -10.072309
   114240.000000   -0.566075   0.138533   -10.124856
   114250.000000   -0.468146   0.102706   -10.086640
   114260.000000   -0.554132   0.124202   -10.122467
   114270.000000   -0.511139   0.062101   -10.129633
   114280.000000   -0.554132   0.083598   -10.050812
   114290.000000   -0.575629   0.121814   -10.046035
   114300.000000   -0.544578   0.095540   -10.096194
   114310.000000   -0.539801   0.114648   -10.112913
   114320.000000   -0.556521   0.088375   -10.100971
   114330.000000   -0.530247   0.117037   -10.112913
   114340.000000   -0.573240   0.117037   -10.143964
   114350.000000   -0.523082   0.148087   -10.175014
   114360.000000   -0.477700   0.167195   -10.184568
   114370.000000   -0.568463   0.121814   -10.182180
   114380.000000   -0.594737   0.083598   -10.218007
   114390.000000   -0.506362   0.112260   -10.098582
   114400.000000   -0.494420   0.078821   -10.163072
   114410.000000   -0.506362   0.031051   -10.077086
   114420.000000   -0.513528   0.112260   -10.179791
   114430.000000   -0.556521   0.076432   -10.077086
   114440.000000   -0.537413   0.112260   -10.100971
   114450.000000   -0.508751   0.143310   -10.127244
   114460.000000   -0.585183   0.167195   -10.175014
   114470.000000   -0.508751   0.136145   -10.146352
   114480.000000   -0.539801   0.131368   -10.108136
   114490.000000   -0.542190   0.119425   -10.163072
   114500.000000   -0.563686   0.138533   -10.086640
   114510.000000   -0.513528   0.112260   -10.124856
   114520.000000   -0.549355   0.105094   -10.100971
   114530.000000   -0.503974   0.160030   -10.124856
   114540.000000   -0.546967   0.155253   -10.122467
   114550.000000   -0.515916   0.088375   -10.143964
   114560.000000   -0.477700   0.128979   -10.229950
   114570.000000   -0.508751   0.093152   -10.079474
   114580.000000   -0.496808   0.119425   -10.117690
   114590.000000   -0.566075   0.119425   -10.062755
   114600.000000   -0.527859   0.093152   -10.153518
   114610.000000   -0.566075   0.102706   -10.179791
   114620.000000   -0.503974   0.140922   -10.163072
   114630.000000   -0.530247   0.112260   -10.186957
   114640.000000   -0.458592   0.128979   -10.246669
   114650.000000   -0.549355   0.078821   -10.241892
   114660.000000   -0.506362   0.083598   -10.158295
   114670.000000   -0.609068   0.131368   -10.194122
   114680.000000   -0.520693   0.181526   -10.158295
   114690.000000   -0.475312   0.081209   -10.110525
   114700.000000   -0.606679   0.097929   -10.089028
   114710.000000   -0.525470   0.117037   -10.115302
   114720.000000   -0.520693   0.152864   -10.203676
   114730.000000   -0.573240   0.119425   -10.108136
   114740.000000   -0.492031   0.167195   -10.165460
   114750.000000   -0.556521   0.148087   -10.172626
   114760.000000   -0.568463   0.112260   -10.110525
   114770.000000   -0.492031   0.095540   -10.112913
   114780.000000   -0.551744   0.114648   -10.124856
   114790.000000   -0.494420   0.131368   -10.184568
   114800.000000   -0.535024   0.114648   -10.153518
   114810.000000   -0.551744   0.131368   -10.198899
   114820.000000   -0.537413   0.128979   -10.091417
   114830.000000   -0.501585   0.183915   -10.141575
   114840.000000   -0.494420   0.078821   -10.122467
   114850.000000   -0.537413   0.119425   -10.105748
   114860.000000   -0.535024   0.112260   -10.074697
   114870.000000   -0.539801   0.143310   -10.155906
   114880.000000   -0.530247   0.181526   -10.160683
   114890.000000   -0.520693   0.133756   -10.098582
   114900.000000   -0.527859   0.102706   -10.055589
   114910.000000   -0.513528   0.150476   -10.163072
   114920.000000   -0.477700   0.066878   -10.108136
   114930.000000   -0.506362   0.097929   -10.089028
   114940.000000   -0.515916   0.124202   -10.186957
   114950.000000   -0.520693   0.097929   -10.148741
   114960.000000   -0.537413   0.107483   -10.136798
   114970.000000   -0.537413   0.064490   -10.079474
   114980.000000   -0.558909   0.069267   -10.117690
   114990.000000   -0.525470   0.069267   -10.048424
   115000.000000   -0.575629   0.085986   -10.151129
   115010.000000   -0.549355   0.133756   -10.141575
   115020.000000   -0.582794   0.117037   -10.206065
   115030.000000   -0.573240   0.155253   -10.060366
   115040.000000   -0.566075   0.140922   -10.012596
   115050.000000   -0.530247   0.138533   -10.110525
   115060.000000   -0.592348   0.195857   -10.182180
   115070.000000   -0.513528   0.112260   -10.060366
   115080.000000   -0.597125   0.095540   -10.143964
   115090.000000   -0.544578   0.062101   -10.074697
   115100.000000   -0.568463   0.107483   -9.883617
   115110.000000   -0.580406   0.071655   -9.890783
   115120.000000   -0.523082   0.117037   -9.976769
   115130.000000   -0.546967   0.085986   -9.955272
   115140.000000   -0.568463   0.133756   -10.110525
   115150.000000   -0.556521   0.145699   -9.991100
   115160.000000   -0.561298   0.157641   -9.998265
   115170.000000   -0.496808   0.143310   -10.096194
   115180.000000   -0.527859   0.133756   -10.060366
   115190.000000   -0.566075   0.066878   -10.055589
   115200.000000   -0.585183   0.121814   -10.158295
   115210.000000   -0.503974   0.081209   -10.120079
   115220.000000   -0.554132   0.171972   -10.072309
   115230.000000   -0.468146   0.074044   -10.155906
   115240.000000   -0.537413   0.174361   -10.105748
