   98260.000000   -1.612301   -1.798541   -0.454424
   98270.000000   -0.677911   -1.779384   -0.591709
   98280.000000   0.372479   -1.605916   -0.768371
   98290.000000   1.489915   -1.338795   -1.026977
   98300.000000   2.579682   -1.068482   -1.296226
   98310.000000   3.456603   -1.028041   -1.490979
   98320.000000   4.194111   -1.135528   -1.668705
   98330.000000   4.780499   -1.192996   -1.930504
   98340.000000   5.156171   -1.346245   -2.132707
   98350.000000   5.525457   -1.449475   -2.387057
   98360.000000   5.956468   -1.416484   -2.661627
   98370.000000   6.679077   -1.389878   -2.924491
   98380.000000   7.831633   -1.463310   -3.222474
   98390.000000   8.474425   -1.320703   -3.337410
   98400.000000   8.340333   -0.761985   -3.243758
   98410.000000   8.267965   0.093652   -3.404456
   98420.000000   9.164043   1.330281   -3.501301
   98430.000000   10.338947   1.929440   -2.915977
   98440.000000   9.065070   1.407970   -1.899642
   98450.000000   4.800720   0.373543   -0.734315
   98460.000000   -1.893257   -0.335231   0.427819
   98470.000000   -8.509544   -0.105358   1.416484
   98480.000000   -11.441485   0.556590   1.776192
   98490.000000   -11.973597   0.780077   2.145478
   98500.000000   -11.929964   0.217102   2.575425
   98510.000000   -11.533008   -0.598095   3.095831
   98520.000000   -10.709298   -1.150427   3.276749
   98530.000000   -9.661036   -1.058904   2.836160
   98540.000000   -6.681205   -0.734315   1.991165
   98550.000000   -2.803169   -0.148992   0.742829
   98560.000000   1.583567   0.355451   -0.276699
   98570.000000   4.780499   0.584260   -1.084445
   98580.000000   6.207625   0.644920   -1.795348
   98590.000000   6.967482   0.484222   -2.337038
   98600.000000   7.472989   0.239451   -2.637150
   98610.000000   7.621981   0.100037   -2.687169
   98620.000000   7.491081   0.006385   -2.513700
   98630.000000   6.984510   -0.175597   -2.151863
   98640.000000   5.795770   -0.486351   -1.485658
   98650.000000   3.096895   -0.901399   -0.399084
   98660.000000   -0.780077   -1.004629   0.672590
   98670.000000   -4.004679   -0.522535   1.204703
   98680.000000   -5.357309   0.118129   1.413291
   98690.000000   -5.634008   0.904591   1.501622
   98700.000000   -5.304098   1.463310   1.570796
   98710.000000   -5.663806   1.329217   1.900706
   98720.000000   -5.604210   1.008885   2.029477
   98730.000000   -4.509122   0.935454   1.655934
   98740.000000   -3.162877   1.051454   1.033363
   98750.000000   -2.030542   1.091895   0.518278
   98760.000000   -1.154684   1.098280   0.136221
   98770.000000   -0.741765   1.230244   -0.233065
   98780.000000   -0.218166   1.272813   -0.399084
   98790.000000   0.135157   1.079124   -0.402277
   98800.000000   0.094716   1.044005   -0.416112
   98810.000000   -0.395892   0.983344   -0.312882
   98820.000000   -1.113180   0.756664   -0.090459
   98830.000000   -1.545255   0.368222   0.274570
   98840.000000   -1.744265   0.096844   0.502314
   98850.000000   -1.944339   0.113872   0.571489
   98860.000000   -1.958174   0.307561   0.540626
   98870.000000   -1.757036   0.518278   0.453360
   98880.000000   -1.518649   0.672590   0.407598
   98890.000000   -1.243015   0.789655   0.317139
   98900.000000   -0.871600   0.865215   0.239451
   98910.000000   -0.638535   0.816261   0.183047
   98920.000000   -0.693875   0.607673   0.207524
   98930.000000   -0.853509   0.322460   0.317139
   98940.000000   -0.869472   0.095780   0.404406
   98950.000000   -0.915234   -0.155377   0.524663
   98960.000000   -1.034427   -0.339488   0.625764
   98970.000000   -1.188739   -0.485287   0.728994
   98980.000000   -1.300483   -0.485287   0.709838
   98990.000000   -1.282391   -0.380993   0.670462
   99000.000000   -1.265364   -0.315011   0.710902
   99010.000000   -1.201510   -0.222423   0.753471
   99020.000000   -1.084445   -0.134092   0.849252
   99030.000000   -0.839674   -0.084074   0.972702
   99040.000000   -0.640664   0.063854   1.011014
   99050.000000   -0.435268   0.206460   0.980151
   99060.000000   -0.452296   0.325653   0.849252
   99070.000000   -0.583195   0.379928   0.738572
   99080.000000   -0.510828   0.312882   0.689618
   99090.000000   -0.300111   0.180918   0.651306
   99100.000000   -0.078753   0.062789   0.619379
   99110.000000   0.097909   0.038312   0.528920
   99120.000000   0.232001   0.042569   0.456553
   99130.000000   0.362901   -0.042569   0.503378
   99140.000000   0.422497   -0.102166   0.526791
   99150.000000   0.396956   -0.111744   0.556590
   99160.000000   0.355451   -0.136221   0.610865
   99170.000000   0.244772   -0.167083   0.627893
   99180.000000   0.110679   -0.168148   0.661948
   99190.000000   -0.112808   -0.146863   0.691746
   99200.000000   -0.297983   -0.136221   0.713031
   99210.000000   -0.346937   -0.138349   0.723673
   99220.000000   -0.324589   -0.180918   0.763049
   99230.000000   -0.313946   -0.164955   0.731123
   99240.000000   -0.244772   -0.092588   0.661948
   99250.000000   -0.136221   -0.014899   0.568296
   99260.000000   -0.009578   -0.011706   0.500186
   99270.000000   0.136221   -0.056404   0.496993
   99280.000000   0.085138   -0.096844   0.492736
   99290.000000   -0.007450   -0.106423   0.557654
   99300.000000   -0.189432   -0.120257   0.614058
   99310.000000   3.341667   0.022349   0.269249
   99320.000000   3.630072   -0.404406   0.389506
   99330.000000   2.483902   -0.056404   0.289469
   99340.000000   0.780077   0.422497   0.090459
   99350.000000   0.156441   0.418240   0.191561
   99360.000000   0.511892   0.147927   0.101101
   99370.000000   0.500186   0.133028   -0.056404
   99380.000000   0.154313   0.323524   -0.319268
   99390.000000   -0.092588   0.375671   -0.410791
   99400.000000   -0.341616   0.221359   -0.385250
   99410.000000   -0.780077   0.114936   -0.468259
   99420.000000   -1.322832   0.143670   -0.726866
   99430.000000   -0.921619   1.698503   -0.316075
   99440.000000   0.517213   -1.170648   0.037248
   99450.000000   1.357951   0.044697   0.286277
   99460.000000   0.954610   0.210717   0.161762
   99470.000000   1.044005   -0.089395   -0.089395
   99480.000000   1.616558   -0.213909   -0.059597
   99490.000000   1.171712   -0.067046   0.015963
   99500.000000   1.291969   -0.071303   -0.045762
   99510.000000   1.262171   -0.059597   -0.047890
   99520.000000   0.965252   -0.045762   -0.027670
   99530.000000   0.396956   -0.009578   -0.019156
   99540.000000   -0.287341   0.017028   -0.003193
   99550.000000   -0.654498   0.040441   0.007450
   99560.000000   -0.686425   0.045762   0.006385
   99570.000000   -0.582131   0.044697   0.002128
   99580.000000   -0.421433   0.032991   -0.003193
   99590.000000   -0.253286   0.022349   -0.004257
   99600.000000   -0.073432   0.009578   -0.003193
   99610.000000   0.118129   -0.003193   -0.007450
   99620.000000   0.311818   -0.015963   -0.012771
   99630.000000   0.474644   -0.025541   -0.014899
   99640.000000   0.556590   -0.032991   -0.017028
   99650.000000   0.486351   -0.024477   -0.015963
   99660.000000   0.288405   -0.013835   -0.012771
   99670.000000   0.043633   0.003193   -0.009578
   99680.000000   -0.160698   0.014899   -0.007450
   99690.000000   -0.258607   0.022349   -0.007450
   99700.000000   -0.266056   0.022349   -0.004257
   99710.000000   -0.195817   0.018092   -0.007450
   99720.000000   -0.094716   0.010642   -0.008514
   99730.000000   0.011706   0.005321   -0.007450
   99740.000000   0.114936   -0.004257   -0.011706
   99750.000000   0.179854   -0.008514   -0.010642
   99760.000000   0.213909   -0.009578   -0.012771
   99770.000000   0.201139   -0.007450   -0.013835
   99780.000000   0.144735   -0.005321   -0.011706
   99790.000000   0.060661   0.001064   -0.010642
   99800.000000   -0.030863   0.006385   -0.007450
   99810.000000   -0.096844   0.011706   -0.007450
   99820.000000   -0.123450   0.014899   -0.008514
   99830.000000   -0.098973   0.011706   -0.008514
   99840.000000   -0.046826   0.008514   -0.007450
   99850.000000   0.026606   0.002128   -0.009578
   99860.000000   0.094716   -0.002128   -0.008514
   99870.000000   0.138349   -0.004257   -0.008514
   99880.000000   0.148992   -0.003193   -0.011706
   99890.000000   0.116001   0.000000   -0.011706
   99900.000000   0.057468   0.003193   -0.008514
   99910.000000   -0.007450   0.005321   -0.007450
   99920.000000   -0.050019   0.012771   -0.010642
   99930.000000   -0.060661   0.009578   -0.005321
   99940.000000   -0.048954   0.006385   -0.006385
   99950.000000   -0.012771   0.006385   -0.007450
   99960.000000   0.029798   0.002128   -0.010642
   99970.000000   0.067046   0.002128   -0.012771
   99980.000000   0.089395   -0.001064   -0.010642
   99990.000000   0.097909   0.002128   -0.009578
   100000.000000   0.077688   -0.003193   -0.007450
   100010.000000   0.040441   0.002128   -0.009578
   100020.000000   0.003193   0.004257   -0.009578
   100030.000000   -0.027670   0.006385   -0.009578
   100040.000000   -0.032991   0.005321   -0.010642
   100050.000000   -0.019156   0.006385   -0.007450
   100060.000000   0.010642   0.004257   -0.008514
   100070.000000   0.041505   0.002128   -0.010642
   100080.000000   0.063854   0.000000   -0.007450
   100090.000000   0.071303   0.000000   -0.011706
   100100.000000   0.061725   0.000000   -0.007450
   100110.000000   0.043633   0.002128   -0.009578
   100120.000000   0.017028   0.003193   -0.011706
   100130.000000   0.002128   0.006385   -0.008514
   100140.000000   -0.008514   0.002128   -0.009578
   100150.000000   -0.004257   0.006385   -0.007450
   100160.000000   0.011706   0.004257   -0.006385
   100170.000000   0.029798   0.004257   -0.005321
   100180.000000   0.048954   0.002128   -0.009578
   100190.000000   0.053211   0.002128   -0.009578
   100200.000000   0.052147   0.000000   -0.010642
   100210.000000   0.037248   0.003193   -0.010642
   100220.000000   0.023413   0.003193   -0.012771
   100230.000000   0.008514   0.002128   -0.009578
   100240.000000   0.001064   0.005321   -0.007450
   100250.000000   0.006385   0.005321   -0.005321
   100260.000000   0.014899   0.005321   -0.010642
   100270.000000   0.027670   0.001064   -0.008514
   100280.000000   0.040441   0.003193   -0.010642
   100290.000000   0.044697   0.003193   -0.006385
   100300.000000   0.047890   0.003193   -0.010642
   100310.000000   0.034055   0.004257   -0.008514
   100320.000000   0.021285   0.000000   -0.009578
   100330.000000   0.015963   0.008514   -0.009578
   100340.000000   0.007450   0.006385   -0.006385
   100350.000000   0.007450   0.006385   -0.007450
   100360.000000   0.015963   0.004257   -0.008514
   100370.000000   0.027670   0.002128   -0.006385
   100380.000000   0.039376   0.000000   -0.008514
   100390.000000   0.043633   0.002128   -0.010642
   100400.000000   0.034055   0.003193   -0.010642
   100410.000000   0.026606   0.002128   -0.008514
   100420.000000   0.015963   0.004257   -0.007450
   100430.000000   0.013835   0.003193   -0.007450
   100440.000000   0.017028   0.002128   -0.008514
   100450.000000   0.023413   0.003193   -0.010642
   100460.000000   0.026606   0.005321   -0.009578
   100470.000000   0.034055   0.001064   -0.009578
   100480.000000   0.039376   0.003193   -0.009578
   100490.000000   0.032991   0.002128   -0.011706
   100500.000000   0.026606   0.004257   -0.009578
   100510.000000   0.019156   0.003193   -0.011706
   100520.000000   0.011706   0.002128   -0.007450
   100530.000000   0.015963   0.003193   -0.008514
   100540.000000   0.019156   0.004257   -0.006385
   100550.000000   0.027670   0.003193   -0.007450
   100560.000000   0.034055   0.003193   -0.008514
   100570.000000   0.035119   0.002128   -0.009578
   100580.000000   0.038312   0.004257   -0.008514
   100590.000000   0.031927   0.005321   -0.010642
   100600.000000   0.023413   0.004257   -0.008514
   100610.000000   0.017028   0.003193   -0.008514
   100620.000000   0.014899   0.005321   -0.007450
   100630.000000   0.017028   0.003193   -0.010642
   100640.000000   0.026606   0.003193   -0.008514
   100650.000000   0.030863   0.004257   -0.011706
   100660.000000   0.032991   0.003193   -0.009578
   100670.000000   0.030863   0.002128   -0.009578
   100680.000000   0.026606   0.003193   -0.007450
   100690.000000   0.026606   0.003193   -0.010642
   100700.000000   0.024477   0.005321   -0.011706
   100710.000000   0.021285   0.006385   -0.008514
   100720.000000   0.021285   0.004257   -0.009578
   100730.000000   0.025541   0.004257   -0.011706
   100740.000000   0.028734   0.003193   -0.009578
   100750.000000   0.030863   0.004257   -0.008514
   100760.000000   0.031927   0.002128   -0.008514
   100770.000000   0.028734   0.003193   -0.007450
   100780.000000   0.024477   0.006385   -0.010642
   100790.000000   0.017028   0.001064   -0.007450
   100800.000000   0.021285   0.004257   -0.008514
   100810.000000   0.024477   0.002128   -0.006385
   100820.000000   0.024477   0.003193   -0.011706
   100830.000000   0.027670   0.005321   -0.008514
   100840.000000   0.027670   0.002128   -0.008514
   100850.000000   0.027670   0.003193   -0.008514
   100860.000000   0.024477   0.005321   -0.010642
   100870.000000   0.025541   0.002128   -0.010642
   100880.000000   0.024477   0.003193   -0.009578
   100890.000000   0.022349   -0.001064   -0.007450
   100900.000000   0.024477   0.003193   -0.006385
   100910.000000   0.028734   0.002128   -0.008514
   100920.000000   0.028734   0.001064   -0.009578
   100930.000000   0.025541   0.003193   -0.007450
   100940.000000   0.027670   0.005321   -0.008514
   100950.000000   0.025541   0.002128   -0.008514
   100960.000000   0.022349   0.004257   -0.005321
   100970.000000   0.023413   0.003193   -0.007450
   100980.000000   0.025541   0.003193   -0.011706
   100990.000000   0.026606   0.006385   -0.007450
   101000.000000   0.028734   0.005321   -0.010642
   101010.000000   0.028734   0.005321   -0.010642
   101020.000000   0.028734   0.000000   -0.007450
   101030.000000   0.027670   0.001064   -0.007450
   101040.000000   0.025541   0.002128   -0.008514
   101050.000000   0.024477   0.002128   -0.007450
   101060.000000   0.021285   0.004257   -0.009578
   101070.000000   0.023413   0.001064   -0.010642
   101080.000000   0.026606   0.003193   -0.008514
   101090.000000   0.026606   0.006385   -0.008514
   101100.000000   0.028734   0.001064   -0.009578
   101110.000000   0.026606   0.004257   -0.012771
   101120.000000   0.026606   0.000000   -0.010642
   101130.000000   0.024477   0.005321   -0.007450
   101140.000000   0.026606   0.003193   -0.007450
   101150.000000   0.023413   0.004257   -0.005321
   101160.000000   0.024477   0.004257   -0.007450
   101170.000000   0.023413   0.003193   -0.007450
   101180.000000   0.024477   0.003193   -0.008514
   101190.000000   0.028734   0.004257   -0.012771
   101200.000000   0.030863   0.003193   -0.007450
   101210.000000   0.027670   0.002128   -0.006385
   101220.000000   0.029798   0.006385   -0.008514
   101230.000000   0.024477   0.004257   -0.007450
   101240.000000   0.021285   0.003193   -0.009578
   101250.000000   0.022349   0.003193   -0.010642
   101260.000000   0.024477   0.003193   -0.004257
   101270.000000   0.025541   0.004257   -0.010642
   101280.000000   0.027670   0.003193   -0.009578
   101290.000000   0.027670   0.006385   -0.010642
   101300.000000   0.029798   0.002128   -0.010642
   101310.000000   0.027670   0.002128   -0.005321
   101320.000000   0.025541   0.003193   -0.008514
   101330.000000   0.021285   0.004257   -0.009578
   101340.000000   0.022349   0.006385   -0.010642
   101350.000000   0.023413   0.003193   -0.008514
   101360.000000   0.026606   0.003193   -0.009578
   101370.000000   0.026606   0.003193   -0.011706
   101380.000000   0.025541   0.002128   -0.008514
   101390.000000   0.026606   0.002128   -0.012771
   101400.000000   0.025541   0.000000   -0.010642
   101410.000000   0.023413   0.003193   -0.011706
   101420.000000   0.024477   0.004257   -0.008514
   101430.000000   0.023413   0.004257   -0.010642
   101440.000000   0.023413   0.006385   -0.008514
   101450.000000   0.026606   0.004257   -0.011706
   101460.000000   0.026606   0.001064   -0.008514
   101470.000000   0.026606   0.002128   -0.007450
   101480.000000   0.027670   0.003193   -0.009578
   101490.000000   0.028734   0.003193   -0.008514
   101500.000000   0.025541   0.002128   -0.009578
   101510.000000   0.021285   0.004257   -0.009578
   101520.000000   0.019156   0.004257   -0.008514
   101530.000000   0.020220   0.004257   -0.007450
   101540.000000   0.023413   0.005321   -0.008514
   101550.000000   0.026606   0.002128   -0.009578
   101560.000000   0.029798   0.004257   -0.010642
   101570.000000   0.029798   0.001064   -0.011706
   101580.000000   0.026606   0.000000   -0.008514
   101590.000000   0.025541   0.005321   -0.007450
   101600.000000   0.024477   0.002128   -0.008514
   101610.000000   0.023413   0.003193   -0.008514
   101620.000000   0.020220   0.002128   -0.007450
   101630.000000   0.024477   0.005321   -0.009578
   101640.000000   0.026606   0.004257   -0.008514
   101650.000000   0.029798   0.002128   -0.012771
   101660.000000   0.028734   0.003193   -0.010642
   101670.000000   0.028734   0.003193   -0.008514
   101680.000000   0.022349   0.004257   -0.006385
   101690.000000   0.020220   0.004257   -0.010642
   101700.000000   0.023413   0.003193   -0.010642
   101710.000000   0.022349   0.003193   -0.009578
   101720.000000   0.024477   0.001064   -0.011706
   101730.000000   0.025541   0.001064   -0.009578
   101740.000000   0.027670   0.003193   -0.006385
   101750.000000   0.025541   0.003193   -0.010642
   101760.000000   0.026606   0.003193   -0.009578
   101770.000000   0.029798   0.002128   -0.007450
   101780.000000   0.025541   0.005321   -0.008514
   101790.000000   0.022349   0.000000   -0.010642
   101800.000000   0.023413   0.004257   -0.007450
   101810.000000   0.020220   0.003193   -0.009578
   101820.000000   0.028734   0.004257   -0.010642
   101830.000000   0.027670   0.003193   -0.008514
   101840.000000   0.027670   0.002128   -0.010642
   101850.000000   0.029798   0.001064   -0.009578
   101860.000000   0.027670   0.001064   -0.010642
   101870.000000   0.027670   0.003193   -0.008514
   101880.000000   0.026606   0.002128   -0.009578
   101890.000000   0.023413   0.004257   -0.009578
   101900.000000   0.026606   0.006385   -0.009578
   101910.000000   0.020220   0.004257   -0.008514
   101920.000000   0.022349   0.004257   -0.009578
   101930.000000   0.025541   0.004257   -0.008514
   101940.000000   0.025541   0.003193   -0.008514
   101950.000000   0.026606   0.005321   -0.010642
   101960.000000   0.025541   0.002128   -0.007450
   101970.000000   0.024477   0.003193   -0.005321
   101980.000000   0.025541   0.003193   -0.007450
   101990.000000   0.027670   0.001064   -0.010642
   102000.000000   0.022349   0.005321   -0.011706
   102010.000000   0.021285   0.003193   -0.007450
   102020.000000   0.023413   0.003193   -0.010642
   102030.000000   0.022349   0.003193   -0.007450
   102040.000000   0.026606   0.003193   -0.011706
   102050.000000   0.026606   0.002128   -0.011706
   102060.000000   0.026606   0.002128   -0.010642
   102070.000000   0.026606   0.001064   -0.009578
   102080.000000   0.023413   0.004257   -0.008514
   102090.000000   0.024477   0.002128   -0.007450
   102100.000000   0.023413   0.004257   -0.008514
   102110.000000   0.023413   0.003193   -0.012771
   102120.000000   0.026606   0.002128   -0.009578
   102130.000000   0.027670   0.003193   -0.009578
   102140.000000   0.031927   0.003193   -0.008514
   102150.000000   0.030863   0.001064   -0.011706
   102160.000000   0.028734   0.003193   -0.008514
   102170.000000   0.024477   0.002128   -0.008514
   102180.000000   0.020220   0.001064   -0.008514
   102190.000000   0.023413   0.001064   -0.010642
   102200.000000   0.021285   0.003193   -0.009578
   102210.000000   0.026606   0.004257   -0.010642
   102220.000000   0.024477   0.000000   -0.007450
   102230.000000   0.023413   0.003193   -0.010642
   102240.000000   0.026606   0.002128   -0.005321
   102250.000000   0.029798   0.000000   -0.013835
   102260.000000   0.025541   0.003193   -0.008514
   102270.000000   0.025541   0.002128   -0.009578
   102280.000000   0.025541   0.003193   -0.010642
   102290.000000   0.024477   0.003193   -0.008514
   102300.000000   0.023413   0.001064   -0.009578
   102310.000000   0.025541   0.005321   -0.007450
   102320.000000   0.028734   0.003193   -0.008514
   102330.000000   0.024477   0.001064   -0.005321
   102340.000000   0.025541   0.002128   -0.010642
   102350.000000   0.022349   0.003193   -0.011706
   102360.000000   0.023413   0.003193   -0.010642
   102370.000000   0.023413   0.001064   -0.009578
   102380.000000   0.024477   0.001064   -0.010642
   102390.000000   0.026606   0.005321   -0.010642
   102400.000000   0.024477   0.002128   -0.007450
   102410.000000   0.025541   0.003193   -0.007450
   102420.000000   0.023413   0.006385   -0.009578
   102430.000000   0.024477   0.001064   -0.008514
   102440.000000   0.026606   0.002128   -0.008514
   102450.000000   0.030863   0.004257   -0.008514
   102460.000000   0.025541   0.000000   -0.009578
   102470.000000   0.025541   0.004257   -0.008514
   102480.000000   0.026606   0.002128   -0.009578
   102490.000000   0.025541   0.006385   -0.009578
   102500.000000   0.026606   0.001064   -0.010642
   102510.000000   0.022349   0.002128   -0.012771
   102520.000000   0.025541   0.004257   -0.008514
   102530.000000   0.025541   0.003193   -0.007450
   102540.000000   0.027670   0.005321   -0.008514
   102550.000000   0.026606   0.003193   -0.010642
   102560.000000   0.026606   0.003193   -0.009578
   102570.000000   0.026606   0.005321   -0.007450
   102580.000000   0.023413   0.002128   -0.010642
   102590.000000   0.024477   0.003193   -0.009578
   102600.000000   0.024477   0.003193   -0.008514
   102610.000000   0.024477   0.004257   -0.010642
   102620.000000   0.024477   0.004257   -0.010642
   102630.000000   0.028734   0.005321   -0.010642
   102640.000000   0.027670   0.003193   -0.008514
   102650.000000   0.026606   0.003193   -0.011706
   102660.000000   0.026606   0.004257   -0.008514
   102670.000000   0.026606   0.003193   -0.007450
   102680.000000   0.024477   0.003193   -0.008514
   102690.000000   0.023413   0.003193   -0.007450
   102700.000000   0.024477   0.003193   -0.007450
   102710.000000   0.025541   0.003193   -0.008514
   102720.000000   0.023413   0.005321   -0.008514
   102730.000000   0.026606   0.003193   -0.010642
   102740.000000   0.026606   0.000000   -0.009578
   102750.000000   0.025541   0.000000   -0.009578
   102760.000000   0.025541   0.004257   -0.008514
   102770.000000   0.025541   0.003193   -0.008514
   102780.000000   0.021285   0.003193   -0.007450
   102790.000000   0.022349   0.002128   -0.009578
   102800.000000   0.022349   0.001064   -0.008514
   102810.000000   0.024477   0.002128   -0.009578
   102820.000000   0.026606   0.000000   -0.008514
   102830.000000   0.025541   0.003193   -0.008514
   102840.000000   0.023413   0.004257   -0.009578
   102850.000000   0.026606   0.003193   -0.010642
   102860.000000   0.025541   0.001064   -0.010642
   102870.000000   0.025541   0.001064   -0.007450
   102880.000000   0.021285   0.002128   -0.009578
   102890.000000   0.022349   0.005321   -0.009578
   102900.000000   0.025541   0.002128   -0.007450
   102910.000000   0.024477   0.003193   -0.007450
   102920.000000   0.027670   0.002128   -0.010642
   102930.000000   0.027670   0.001064   -0.011706
   102940.000000   0.027670   0.005321   -0.009578
   102950.000000   0.025541   0.004257   -0.012771
   102960.000000   0.023413   0.002128   -0.007450
   102970.000000   0.023413   0.002128   -0.008514
   102980.000000   0.024477   0.003193   -0.006385
   102990.000000   0.027670   0.002128   -0.008514
   103000.000000   0.025541   0.002128   -0.010642
   103010.000000   0.025541   0.003193   -0.008514
   103020.000000   0.024477   0.004257   -0.008514
   103030.000000   0.026606   0.004257   -0.008514
   103040.000000   0.024477   0.002128   -0.009578
   103050.000000   0.023413   0.003193   -0.009578
   103060.000000   0.022349   0.007450   -0.008514
   103070.000000   0.026606   0.001064   -0.007450
   103080.000000   0.023413   0.004257   -0.009578
   103090.000000   0.028734   0.001064   -0.011706
   103100.000000   0.028734   0.003193   -0.012771
   103110.000000   0.023413   0.005321   -0.008514
   103120.000000   0.025541   0.005321   -0.008514
   103130.000000   0.023413   0.003193   -0.007450
   103140.000000   0.024477   0.002128   -0.007450
   103150.000000   0.024477   0.001064   -0.008514
   103160.000000   0.027670   0.003193   -0.007450
   103170.000000   0.026606   0.002128   -0.013835
   103180.000000   0.026606   0.002128   -0.009578
   103190.000000   0.024477   0.001064   -0.011706
   103200.000000   0.022349   0.003193   -0.010642
   103210.000000   0.023413   0.004257   -0.009578
   103220.000000   0.024477   0.001064   -0.009578
   103230.000000   0.026606   0.002128   -0.010642
   103240.000000   0.027670   0.002128   -0.011706
   103250.000000   0.027670   0.003193   -0.008514
   103260.000000   0.025541   0.004257   -0.012771
   103270.000000   0.025541   0.004257   -0.010642
   103280.000000   0.025541   0.003193   -0.008514
   103290.000000   0.022349   0.004257   -0.012771
   103300.000000   0.022349   0.001064   -0.011706
   103310.000000   0.024477   0.002128   -0.009578
   103320.000000   0.026606   0.001064   -0.008514
   103330.000000   0.027670   0.004257   -0.008514
   103340.000000   0.025541   0.001064   -0.010642
   103350.000000   0.027670   0.002128   -0.009578
   103360.000000   0.027670   0.003193   -0.009578
   103370.000000   0.022349   0.004257   -0.008514
   103380.000000   0.024477   0.000000   -0.008514
   103390.000000   0.023413   0.002128   -0.008514
   103400.000000   0.026606   0.002128   -0.009578
   103410.000000   0.026606   0.003193   -0.009578
   103420.000000   0.027670   0.003193   -0.010642
   103430.000000   0.027670   0.003193   -0.007450
   103440.000000   0.026606   0.001064   -0.010642
   103450.000000   0.024477   0.003193   -0.008514
   103460.000000   0.023413   0.001064   -0.006385
   103470.000000   0.023413   0.005321   -0.009578
   103480.000000   0.025541   0.002128   -0.009578
   103490.000000   0.026606   0.005321   -0.010642
   103500.000000   0.026606   0.001064   -0.009578
   103510.000000   0.029798   0.005321   -0.009578
   103520.000000   0.023413   0.001064   -0.009578
   103530.000000   0.024477   0.001064   -0.010642
   103540.000000   0.024477   0.003193   -0.008514
   103550.000000   0.021285   0.004257   -0.007450
   103560.000000   0.022349   0.004257   -0.008514
   103570.000000   0.024477   0.003193   -0.009578
   103580.000000   0.028734   0.002128   -0.011706
   103590.000000   0.027670   0.003193   -0.008514
   103600.000000   0.027670   0.004257   -0.010642
   103610.000000   0.028734   0.002128   -0.010642
   103620.000000   0.027670   0.004257   -0.009578
   103630.000000   0.025541   0.006385   -0.009578
   103640.000000   0.020220   0.004257   -0.008514
   103650.000000   0.024477   0.004257   -0.010642
   103660.000000   0.026606   0.003193   -0.009578
   103670.000000   0.024477   0.002128   -0.008514
   103680.000000   0.023413   0.003193   -0.008514
   103690.000000   0.023413   0.004257   -0.010642
   103700.000000   0.025541   0.003193   -0.012771
   103710.000000   0.021285   0.003193   -0.006385
   103720.000000   0.023413   0.003193   -0.010642
   103730.000000   0.024477   0.002128   -0.013835
   103740.000000   0.029798   0.001064   -0.010642
   103750.000000   0.027670   0.004257   -0.010642
   103760.000000   0.026606   0.002128   -0.009578
   103770.000000   0.027670   0.002128   -0.009578
   103780.000000   0.026606   0.001064   -0.008514
   103790.000000   0.024477   0.005321   -0.009578
   103800.000000   0.025541   0.002128   -0.010642
   103810.000000   0.020220   0.001064   -0.011706
   103820.000000   0.021285   0.005321   -0.012771
   103830.000000   0.023413   0.005321   -0.009578
   103840.000000   0.023413   0.002128   -0.007450
   103850.000000   0.025541   0.003193   -0.011706
   103860.000000   0.027670   0.003193   -0.008514
   103870.000000   0.028734   0.004257   -0.009578
   103880.000000   0.025541   0.004257   -0.010642
   103890.000000   0.026606   0.001064   -0.008514
   103900.000000   0.025541   0.002128   -0.008514
   103910.000000   0.026606   0.005321   -0.006385
   103920.000000   0.026606   -0.001064   -0.008514
   103930.000000   0.022349   0.005321   -0.010642
   103940.000000   0.022349   0.004257   -0.010642
   103950.000000   0.022349   0.003193   -0.008514
   103960.000000   0.024477   0.004257   -0.009578
   103970.000000   0.024477   0.002128   -0.010642
   103980.000000   0.025541   0.004257   -0.008514
   103990.000000   0.024477   0.004257   -0.012771
   104000.000000   0.025541   0.003193   -0.009578
   104010.000000   0.026606   0.003193   -0.010642
   104020.000000   0.024477   0.002128   -0.012771
   104030.000000   0.025541   0.004257   -0.009578
   104040.000000   0.026606   0.005321   -0.008514
   104050.000000   0.025541   0.003193   -0.010642
   104060.000000   0.026606   0.003193   -0.008514
   104070.000000   0.024477   0.004257   -0.010642
   104080.000000   0.025541   0.002128   -0.009578
   104090.000000   0.024477   0.005321   -0.009578
   104100.000000   0.024477   0.001064   -0.009578
   104110.000000   0.025541   0.004257   -0.008514
   104120.000000   0.023413   0.004257   -0.012771
   104130.000000   0.024477   0.006385   -0.008514
   104140.000000   0.024477   0.002128   -0.007450
   104150.000000   0.026606   0.003193   -0.009578
   104160.000000   0.028734   0.005321   -0.007450
   104170.000000   0.023413   0.001064   -0.010642
   104180.000000   0.023413   0.001064   -0.007450
   104190.000000   0.025541   0.003193   -0.006385
   104200.000000   0.028734   0.005321   -0.012771
   104210.000000   0.025541   0.002128   -0.010642
   104220.000000   0.027670   0.002128   -0.007450
   104230.000000   0.028734   0.001064   -0.008514
   104240.000000   0.023413   0.005321   -0.010642
   104250.000000   0.023413   0.003193   -0.009578
   104260.000000   0.024477   0.001064   -0.009578
   104270.000000   0.025541   0.000000   -0.008514
   104280.000000   0.024477   0.003193   -0.008514
   104290.000000   0.026606   0.005321   -0.008514
   104300.000000   0.026606   0.003193   -0.009578
   104310.000000   0.026606   0.001064   -0.009578
   104320.000000   0.026606   0.003193   -0.008514
   104330.000000   0.026606   0.001064   -0.006385
   104340.000000   0.025541   0.004257   -0.008514
   104350.000000   0.023413   0.006385   -0.010642
   104360.000000   0.026606   0.005321   -0.009578
   104370.000000   0.024477   0.003193   -0.009578
   104380.000000   0.024477   0.004257   -0.008514
   104390.000000   0.027670   0.004257   -0.010642
   104400.000000   0.025541   0.005321   -0.008514
   104410.000000   0.023413   0.001064   -0.011706
   104420.000000   0.023413   0.003193   -0.008514
   104430.000000   0.023413   0.007450   -0.010642
   104440.000000   0.026606   0.004257   -0.009578
   104450.000000   0.028734   0.003193   -0.009578
   104460.000000   0.027670   0.002128   -0.009578
   104470.000000   0.026606   0.001064   -0.012771
   104480.000000   0.025541   0.000000   -0.007450
   104490.000000   0.024477   0.004257   -0.009578
   104500.000000   0.025541   0.003193   -0.012771
   104510.000000   0.025541   0.005321   -0.010642
   104520.000000   0.025541   0.002128   -0.007450
   104530.000000   0.026606   0.005321   -0.007450
   104540.000000   0.026606   0.004257   -0.009578
   104550.000000   0.024477   0.001064   -0.010642
   104560.000000   0.023413   0.001064   -0.007450
   104570.000000   0.025541   0.004257   -0.008514
   104580.000000   0.023413   0.002128   -0.008514
   104590.000000   0.024477   0.002128   -0.009578
   104600.000000   0.027670   0.004257   -0.010642
   104610.000000   0.028734   0.002128   -0.009578
   104620.000000   0.028734   0.002128   -0.006385
   104630.000000   0.030863   0.002128   -0.010642
   104640.000000   0.026606   -0.001064   -0.009578
   104650.000000   0.022349   0.004257   -0.010642
   104660.000000   0.022349   0.003193   -0.008514
   104670.000000   0.021285   0.004257   -0.008514
   104680.000000   0.022349   0.003193   -0.009578
   104690.000000   0.025541   0.003193   -0.006385
   104700.000000   0.029798   0.001064   -0.007450
   104710.000000   0.026606   0.003193   -0.008514
   104720.000000   0.027670   0.004257   -0.008514
   104730.000000   0.025541   0.002128   -0.009578
   104740.000000   0.026606   0.004257   -0.009578
   104750.000000   0.024477   0.003193   -0.009578
   104760.000000   0.024477   0.003193   -0.007450
   104770.000000   0.027670   0.005321   -0.008514
   104780.000000   0.025541   0.002128   -0.009578
   104790.000000   0.026606   0.004257   -0.007450
   104800.000000   0.029798   0.003193   -0.009578
   104810.000000   0.025541   0.004257   -0.009578
   104820.000000   0.026606   0.003193   -0.008514
   104830.000000   0.021285   0.006385   -0.010642
   104840.000000   0.020220   0.004257   -0.007450
   104850.000000   0.021285   0.004257   -0.007450
   104860.000000   0.024477   0.003193   -0.009578
   104870.000000   0.025541   0.003193   -0.010642
   104880.000000   0.027670   0.004257   -0.007450
   104890.000000   0.026606   0.003193   -0.006385
   104900.000000   0.024477   0.005321   -0.006385
   104910.000000   0.023413   0.005321   -0.009578
   104920.000000   0.026606   0.003193   -0.009578
   104930.000000   0.026606   0.003193   -0.007450
   104940.000000   0.026606   0.004257   -0.009578
   104950.000000   0.026606   0.002128   -0.008514
   104960.000000   0.025541   0.002128   -0.009578
   104970.000000   0.023413   0.003193   -0.008514
   104980.000000   0.026606   0.002128   -0.008514
   104990.000000   0.026606   0.003193   -0.009578
   105000.000000   0.022349   0.004257   -0.010642
   105010.000000   0.024477   0.002128   -0.007450
   105020.000000   0.023413   0.006385   -0.008514
   105030.000000   0.027670   0.004257   -0.007450
   105040.000000   0.027670   0.003193   -0.009578
   105050.000000   0.026606   0.001064   -0.010642
   105060.000000   0.026606   0.005321   -0.008514
   105070.000000   0.024477   0.002128   -0.007450
   105080.000000   0.022349   0.003193   -0.006385
   105090.000000   0.025541   0.003193   -0.008514
   105100.000000   0.026606   0.002128   -0.008514
   105110.000000   0.023413   0.002128   -0.012771
   105120.000000   0.021285   0.003193   -0.009578
   105130.000000   0.023413   0.005321   -0.009578
   105140.000000   0.022349   0.002128   -0.007450
   105150.000000   0.025541   0.001064   -0.009578
   105160.000000   0.027670   0.002128   -0.009578
   105170.000000   0.026606   0.003193   -0.007450
   105180.000000   0.023413   0.000000   -0.011706
   105190.000000   0.024477   0.004257   -0.008514
   105200.000000   0.025541   0.002128   -0.008514
   105210.000000   0.025541   0.000000   -0.006385
   105220.000000   0.025541   0.003193   -0.007450
   105230.000000   0.024477   0.002128   -0.009578
   105240.000000   0.025541   0.002128   -0.009578
   105250.000000   0.023413   0.002128   -0.010642
   105260.000000   0.025541   0.002128   -0.009578
   105270.000000   0.029798   0.002128   -0.006385
   105280.000000   0.026606   0.004257   -0.010642
   105290.000000   0.025541   0.002128   -0.010642
   105300.000000   0.022349   0.004257   -0.008514
   105310.000000   0.024477   0.004257   -0.009578
   105320.000000   0.023413   0.004257   -0.009578
   105330.000000   0.023413   0.009578   -0.007450
   105340.000000   0.026606   0.003193   -0.009578
   105350.000000   0.025541   0.002128   -0.009578
   105360.000000   0.024477   0.004257   -0.010642
   105370.000000   0.024477   0.003193   -0.011706
   105380.000000   0.023413   0.003193   -0.007450
   105390.000000   0.025541   0.002128   -0.007450
   105400.000000   0.023413   0.005321   -0.009578
   105410.000000   0.025541   0.006385   -0.009578
   105420.000000   0.026606   0.002128   -0.009578
   105430.000000   0.029798   0.003193   -0.008514
   105440.000000   0.028734   0.005321   -0.007450
   105450.000000   0.023413   0.004257   -0.010642
   105460.000000   0.026606   0.002128   -0.010642
   105470.000000   0.026606   0.001064   -0.007450
   105480.000000   0.023413   0.001064   -0.008514
   105490.000000   0.022349   0.005321   -0.009578
   105500.000000   0.023413   0.004257   -0.007450
   105510.000000   0.025541   0.002128   -0.007450
   105520.000000   0.025541   0.004257   -0.009578
   105530.000000   0.025541   0.005321   -0.008514
   105540.000000   0.025541   0.003193   -0.011706
   105550.000000   0.024477   0.002128   -0.007450
   105560.000000   0.024477   0.002128   -0.007450
   105570.000000   0.024477   0.001064   -0.008514
   105580.000000   0.024477   0.002128   -0.009578
   105590.000000   0.028734   0.002128   -0.009578
   105600.000000   0.024477   0.004257   -0.009578
   105610.000000   0.024477   0.003193   -0.009578
   105620.000000   0.024477   0.004257   -0.008514
   105630.000000   0.022349   0.005321   -0.009578
   105640.000000   0.025541   0.003193   -0.008514
   105650.000000   0.023413   0.003193   -0.010642
   105660.000000   0.024477   0.005321   -0.006385
   105670.000000   0.024477   0.001064   -0.010642
   105680.000000   0.026606   0.005321   -0.007450
   105690.000000   0.025541   0.002128   -0.009578
   105700.000000   0.023413   0.002128   -0.008514
   105710.000000   0.025541   0.003193   -0.010642
   105720.000000   0.024477   0.003193   -0.009578
   105730.000000   0.023413   0.002128   -0.011706
   105740.000000   0.025541   0.002128   -0.009578
   105750.000000   0.023413   0.005321   -0.010642
   105760.000000   0.025541   0.003193   -0.009578
   105770.000000   0.023413   0.002128   -0.009578
   105780.000000   0.025541   0.003193   -0.008514
   105790.000000   0.023413   0.002128   -0.006385
   105800.000000   0.023413   0.000000   -0.006385
   105810.000000   0.026606   0.004257   -0.009578
   105820.000000   0.023413   0.005321   -0.008514
   105830.000000   0.026606   0.004257   -0.009578
   105840.000000   0.024477   0.003193   -0.010642
   105850.000000   0.024477   0.002128   -0.008514
   105860.000000   0.025541   0.005321   -0.010642
   105870.000000   0.027670   0.002128   -0.008514
   105880.000000   0.024477   0.002128   -0.009578
   105890.000000   0.023413   0.002128   -0.011706
   105900.000000   0.027670   0.002128   -0.010642
   105910.000000   0.024477   0.003193   -0.011706
   105920.000000   0.027670   0.002128   -0.008514
   105930.000000   0.024477   0.002128   -0.009578
   105940.000000   0.026606   0.002128   -0.008514
   105950.000000   0.028734   -0.001064   -0.008514
   105960.000000   0.025541   0.002128   -0.008514
   105970.000000   0.023413   0.005321   -0.008514
   105980.000000   0.026606   0.005321   -0.010642
   105990.000000   0.028734   0.002128   -0.008514
   106000.000000   0.026606   0.004257   -0.009578
   106010.000000   0.025541   0.002128   -0.009578
   106020.000000   0.025541   0.004257   -0.008514
   106030.000000   0.022349   0.003193   -0.012771
   106040.000000   0.025541   0.004257   -0.011706
   106050.000000   0.027670   0.002128   -0.010642
   106060.000000   0.028734   0.004257   -0.008514
   106070.000000   0.026606   0.004257   -0.011706
   106080.000000   0.024477   0.001064   -0.009578
   106090.000000   0.026606   0.002128   -0.008514
   106100.000000   0.024477   0.002128   -0.009578
   106110.000000   0.022349   0.002128   -0.009578
   106120.000000   0.021285   0.002128   -0.006385
   106130.000000   0.026606   0.004257   -0.008514
   106140.000000   0.026606   0.002128   -0.008514
   106150.000000   0.027670   0.003193   -0.010642
   106160.000000   0.024477   0.003193   -0.011706
   106170.000000   0.025541   0.001064   -0.011706
   106180.000000   0.025541   0.003193   -0.009578
   106190.000000   0.023413   0.003193   -0.010642
   106200.000000   0.024477   0.002128   -0.009578
   106210.000000   0.026606   0.003193   -0.008514
   106220.000000   0.027670   0.004257   -0.010642
   106230.000000   0.025541   0.001064   -0.010642
   106240.000000   0.026606   0.002128   -0.005321
   106250.000000   0.025541   0.005321   -0.009578
   106260.000000   0.026606   0.003193   -0.009578
   106270.000000   0.025541   -0.001064   -0.008514
   106280.000000   0.024477   0.002128   -0.007450
   106290.000000   0.028734   0.003193   -0.009578
   106300.000000   0.024477   0.006385   -0.007450
   106310.000000   0.026606   0.003193   -0.006385
   106320.000000   0.025541   0.000000   -0.007450
   106330.000000   0.023413   0.004257   -0.010642
   106340.000000   0.022349   0.003193   -0.008514
   106350.000000   0.025541   0.003193   -0.008514
   106360.000000   0.028734   -0.001064   -0.009578
   106370.000000   0.026606   0.004257   -0.009578
   106380.000000   0.027670   0.003193   -0.004257
   106390.000000   0.025541   0.002128   -0.006385
   106400.000000   0.023413   0.003193   -0.011706
   106410.000000   0.023413   0.005321   -0.008514
   106420.000000   0.022349   0.004257   -0.011706
   106430.000000   0.024477   0.002128   -0.007450
   106440.000000   0.026606   0.004257   -0.009578
   106450.000000   0.024477   0.003193   -0.007450
   106460.000000   0.026606   0.004257   -0.009578
   106470.000000   0.026606   0.002128   -0.007450
   106480.000000   0.025541   0.002128   -0.009578
   106490.000000   0.026606   0.004257   -0.009578
   106500.000000   0.024477   0.000000   -0.009578
   106510.000000   0.023413   0.005321   -0.007450
   106520.000000   0.021285   0.004257   -0.008514
   106530.000000   0.024477   0.003193   -0.010642
   106540.000000   0.028734   0.002128   -0.008514
   106550.000000   0.028734   0.006385   -0.010642
   106560.000000   0.031927   0.001064   -0.008514
   106570.000000   0.022349   0.000000   -0.007450
   106580.000000   0.021285   0.001064   -0.009578
   106590.000000   0.021285   0.003193   -0.006385
   106600.000000   0.022349   0.002128   -0.010642
   106610.000000   0.024477   0.003193   -0.011706
   106620.000000   0.025541   0.005321   -0.010642
   106630.000000   0.028734   0.004257   -0.009578
   106640.000000   0.027670   0.006385   -0.006385
   106650.000000   0.028734   0.002128   -0.011706
   106660.000000   0.025541   0.004257   -0.009578
   106670.000000   0.023413   0.004257   -0.010642
   106680.000000   0.019156   0.005321   -0.011706
   106690.000000   0.020220   0.002128   -0.008514
   106700.000000   0.025541   0.003193   -0.009578
   106710.000000   0.029798   0.002128   -0.010642
   106720.000000   0.030863   0.002128   -0.008514
   106730.000000   0.028734   0.001064   -0.008514
   106740.000000   0.027670   0.003193   -0.010642
   106750.000000   0.024477   0.003193   -0.009578
   106760.000000   0.021285   -0.001064   -0.006385
   106770.000000   0.025541   0.002128   -0.009578
   106780.000000   0.021285   0.001064   -0.010642
   106790.000000   0.026606   0.003193   -0.013835
   106800.000000   0.027670   0.003193   -0.012771
   106810.000000   0.027670   0.003193   -0.011706
   106820.000000   0.028734   0.002128   -0.007450
   106830.000000   0.027670   0.004257   -0.009578
   106840.000000   0.025541   0.004257   -0.006385
   106850.000000   0.023413   0.002128   -0.010642
   106860.000000   0.022349   0.000000   -0.010642
   106870.000000   0.023413   0.001064   -0.006385
   106880.000000   0.026606   0.004257   -0.010642
   106890.000000   0.025541   0.003193   -0.009578
   106900.000000   0.027670   0.004257   -0.006385
   106910.000000   0.027670   0.005321   -0.010642
   106920.000000   0.025541   0.005321   -0.010642
   106930.000000   0.025541   0.003193   -0.009578
   106940.000000   0.025541   0.003193   -0.009578
   106950.000000   0.022349   0.002128   -0.009578
   106960.000000   0.027670   0.003193   -0.009578
   106970.000000   0.026606   0.003193   -0.008514
   106980.000000   0.027670   0.003193   -0.009578
   106990.000000   0.025541   0.001064   -0.010642
   107000.000000   0.027670   0.003193   -0.007450
   107010.000000   0.029798   0.003193   -0.008514
   107020.000000   0.026606   0.004257   -0.005321
   107030.000000   0.024477   0.005321   -0.010642
   107040.000000   0.024477   0.003193   -0.008514
   107050.000000   0.026606   0.004257   -0.012771
   107060.000000   0.024477   0.004257   -0.009578
   107070.000000   0.025541   0.002128   -0.008514
   107080.000000   0.026606   0.003193   -0.010642
   107090.000000   0.026606   0.004257   -0.010642
   107100.000000   0.024477   0.000000   -0.009578
   107110.000000   0.023413   0.003193   -0.008514
   107120.000000   0.025541   0.002128   -0.008514
   107130.000000   0.026606   0.001064   -0.009578
   107140.000000   0.024477   0.002128   -0.010642
   107150.000000   0.025541   0.002128   -0.012771
   107160.000000   0.025541   0.005321   -0.008514
   107170.000000   0.022349   0.003193   -0.008514
   107180.000000   0.024477   0.004257   -0.011706
   107190.000000   0.025541   0.002128   -0.009578
   107200.000000   0.024477   0.003193   -0.008514
   107210.000000   0.021285   0.005321   -0.007450
   107220.000000   0.025541   0.003193   -0.009578
   107230.000000   0.025541   0.004257   -0.009578
   107240.000000   0.025541   0.001064   -0.008514
   107250.000000   0.027670   0.004257   -0.009578
   107260.000000   0.022349   0.004257   -0.008514
   107270.000000   0.024477   0.003193   -0.008514
   107280.000000   0.027670   0.004257   -0.008514
   107290.000000   0.024477   0.004257   -0.008514
   107300.000000   0.027670   0.005321   -0.009578
   107310.000000   0.025541   0.003193   -0.009578
   107320.000000   0.024477   0.005321   -0.010642
   107330.000000   0.027670   0.004257   -0.008514
   107340.000000   0.027670   0.004257   -0.007450
   107350.000000   0.027670   0.002128   -0.010642
   107360.000000   0.023413   0.004257   -0.012771
   107370.000000   0.023413   0.004257   -0.008514
   107380.000000   0.024477   0.002128   -0.005321
   107390.000000   0.023413   0.003193   -0.008514
   107400.000000   0.024477   0.003193   -0.006385
   107410.000000   0.024477   0.005321   -0.008514
   107420.000000   0.026606   0.004257   -0.012771
   107430.000000   0.023413   0.002128   -0.007450
   107440.000000   0.023413   0.003193   -0.008514
   107450.000000   0.022349   0.001064   -0.008514
   107460.000000   0.024477   0.003193   -0.006385
   107470.000000   0.023413   0.005321   -0.007450
   107480.000000   0.025541   0.003193   -0.009578
   107490.000000   0.027670   0.002128   -0.008514
   107500.000000   0.026606   0.003193   -0.009578
   107510.000000   0.022349   0.001064   -0.008514
   107520.000000   0.024477   0.002128   -0.008514
   107530.000000   0.025541   0.005321   -0.008514
   107540.000000   0.024477   0.000000   -0.011706
   107550.000000   0.024477   0.002128   -0.008514
   107560.000000   0.025541   0.004257   -0.007450
   107570.000000   0.027670   0.003193   -0.011706
   107580.000000   0.026606   0.003193   -0.008514
   107590.000000   0.026606   0.002128   -0.010642
   107600.000000   0.025541   0.003193   -0.008514
   107610.000000   0.023413   0.005321   -0.011706
   107620.000000   0.023413   0.001064   -0.008514
   107630.000000   0.022349   0.001064   -0.006385
   107640.000000   0.024477   0.005321   -0.011706
   107650.000000   0.028734   0.003193   -0.008514
   107660.000000   0.025541   0.003193   -0.011706
   107670.000000   0.025541   0.002128   -0.011706
   107680.000000   0.026606   0.004257   -0.009578
   107690.000000   0.023413   0.002128   -0.007450
   107700.000000   0.024477   0.004257   -0.007450
   107710.000000   0.024477   0.003193   -0.007450
   107720.000000   0.025541   0.002128   -0.008514
   107730.000000   0.024477   0.002128   -0.009578
   107740.000000   0.023413   0.001064   -0.009578
   107750.000000   0.025541   0.005321   -0.008514
   107760.000000   0.026606   0.003193   -0.009578
   107770.000000   0.029798   0.003193   -0.006385
   107780.000000   0.025541   0.001064   -0.009578
   107790.000000   0.025541   0.004257   -0.010642
   107800.000000   0.022349   0.002128   -0.012771
   107810.000000   0.026606   0.001064   -0.008514
   107820.000000   0.025541   0.004257   -0.011706
   107830.000000   0.024477   0.002128   -0.011706
   107840.000000   0.023413   0.002128   -0.011706
   107850.000000   0.027670   0.005321   -0.006385
   107860.000000   0.025541   0.002128   -0.008514
   107870.000000   0.023413   0.004257   -0.010642
   107880.000000   0.023413   0.007450   -0.007450
   107890.000000   0.026606   0.004257   -0.009578
   107900.000000   0.024477   0.002128   -0.010642
   107910.000000   0.027670   0.002128   -0.009578
   107920.000000   0.025541   0.003193   -0.008514
   107930.000000   0.027670   0.005321   -0.007450
   107940.000000   0.025541   0.002128   -0.007450
   107950.000000   0.027670   0.005321   -0.009578
   107960.000000   0.023413   0.003193   -0.010642
   107970.000000   0.022349   0.002128   -0.007450
   107980.000000   0.023413   0.006385   -0.011706
   107990.000000   0.024477   0.003193   -0.009578
   108000.000000   0.027670   0.004257   -0.009578
   108010.000000   0.026606   0.003193   -0.007450
   108020.000000   0.026606   0.001064   -0.007450
   108030.000000   0.023413   0.003193   -0.008514
   108040.000000   0.023413   0.004257   -0.009578
   108050.000000   0.024477   0.005321   -0.007450
   108060.000000   0.026606   0.003193   -0.007450
   108070.000000   0.025541   0.005321   -0.009578
   108080.000000   0.026606   0.002128   -0.008514
   108090.000000   0.027670   0.003193   -0.009578
   108100.000000   0.025541   0.000000   -0.010642
   108110.000000   0.027670   0.000000   -0.008514
   108120.000000   0.025541   0.004257   -0.008514
   108130.000000   0.025541   0.002128   -0.008514
   108140.000000   0.022349   0.004257   -0.006385
   108150.000000   0.022349   0.005321   -0.012771
   108160.000000   0.022349   0.003193   -0.008514
   108170.000000   0.026606   0.001064   -0.007450
   108180.000000   0.026606   0.002128   -0.008514
   108190.000000   0.027670   0.001064   -0.008514
   108200.000000   0.027670   0.004257   -0.008514
   108210.000000   0.023413   0.001064   -0.010642
   108220.000000   0.025541   0.002128   -0.008514
   108230.000000   0.022349   0.002128   -0.012771
   108240.000000   0.026606   0.003193   -0.009578
   108250.000000   0.025541   0.003193   -0.010642
   108260.000000   0.029798   0.004257   -0.010642
   108270.000000   0.026606   0.004257   -0.011706
   108280.000000   0.028734   0.003193   -0.008514
   108290.000000   0.024477   0.003193   -0.008514
   108300.000000   0.025541   0.003193   -0.009578
   108310.000000   0.022349   0.003193   -0.007450
   108320.000000   0.024477   0.005321   -0.010642
   108330.000000   0.025541   0.001064   -0.009578
   108340.000000   0.024477   0.001064   -0.007450
   108350.000000   0.027670   0.000000   -0.008514
   108360.000000   0.026606   0.004257   -0.010642
   108370.000000   0.027670   0.003193   -0.009578
   108380.000000   0.025541   0.000000   -0.008514
   108390.000000   0.025541   0.005321   -0.010642
   108400.000000   0.026606   0.003193   -0.009578
   108410.000000   0.022349   0.002128   -0.009578
   108420.000000   0.023413   0.003193   -0.006385
   108430.000000   0.025541   0.004257   -0.008514
   108440.000000   0.024477   0.002128   -0.009578
   108450.000000   0.025541   0.002128   -0.009578
   108460.000000   0.025541   0.003193   -0.006385
   108470.000000   0.026606   0.003193   -0.008514
   108480.000000   0.027670   0.005321   -0.010642
   108490.000000   0.027670   0.001064   -0.009578
   108500.000000   0.022349   0.005321   -0.007450
   108510.000000   0.025541   0.003193   -0.010642
   108520.000000   0.023413   0.004257   -0.008514
   108530.000000   0.024477   0.003193   -0.012771
   108540.000000   0.027670   0.003193   -0.006385
   108550.000000   0.028734   -0.001064   -0.009578
   108560.000000   0.027670   0.001064   -0.010642
   108570.000000   0.027670   0.003193   -0.009578
   108580.000000   0.023413   0.002128   -0.008514
   108590.000000   0.025541   0.002128   -0.010642
   108600.000000   0.024477   0.004257   -0.009578
   108610.000000   0.021285   0.002128   -0.008514
   108620.000000   0.023413   0.000000   -0.008514
   108630.000000   0.021285   0.002128   -0.009578
   108640.000000   0.025541   0.003193   -0.010642
   108650.000000   0.026606   0.002128   -0.009578
   108660.000000   0.026606   0.005321   -0.011706
   108670.000000   0.025541   0.002128   -0.010642
   108680.000000   0.025541   0.003193   -0.010642
   108690.000000   0.021285   0.003193   -0.006385
   108700.000000   0.024477   0.004257   -0.011706
   108710.000000   0.024477   0.002128   -0.007450
   108720.000000   0.027670   0.005321   -0.007450
   108730.000000   0.027670   0.003193   -0.010642
   108740.000000   0.026606   0.002128   -0.007450
   108750.000000   0.026606   0.003193   -0.008514
   108760.000000   0.025541   0.002128   -0.006385
   108770.000000   0.020220   0.003193   -0.008514
   108780.000000   0.023413   0.000000   -0.008514
   108790.000000   0.022349   0.005321   -0.008514
   108800.000000   0.027670   0.004257   -0.007450
   108810.000000   0.026606   0.004257   -0.007450
   108820.000000   0.026606   0.001064   -0.010642
   108830.000000   0.027670   0.003193   -0.011706
   108840.000000   0.026606   0.004257   -0.008514
   108850.000000   0.025541   0.004257   -0.011706
   108860.000000   0.024477   0.003193   -0.006385
   108870.000000   0.023413   0.004257   -0.008514
   108880.000000   0.023413   0.001064   -0.010642
   108890.000000   0.021285   0.001064   -0.007450
   108900.000000   0.025541   0.003193   -0.008514
   108910.000000   0.025541   0.005321   -0.007450
   108920.000000   0.026606   0.002128   -0.006385
   108930.000000   0.027670   -0.001064   -0.008514
   108940.000000   0.026606   0.004257   -0.009578
   108950.000000   0.024477   0.004257   -0.006385
   108960.000000   0.027670   0.002128   -0.009578
   108970.000000   0.025541   0.003193   -0.008514
   108980.000000   0.024477   0.004257   -0.008514
   108990.000000   0.024477   0.002128   -0.010642
   109000.000000   0.025541   0.002128   -0.007450
   109010.000000   0.027670   0.004257   -0.007450
   109020.000000   0.025541   0.005321   -0.007450
   109030.000000   0.026606   0.001064   -0.009578
   109040.000000   0.024477   0.004257   -0.009578
   109050.000000   0.021285   0.004257   -0.007450
   109060.000000   0.025541   0.002128   -0.009578
   109070.000000   0.025541   0.000000   -0.010642
   109080.000000   0.025541   0.004257   -0.010642
   109090.000000   0.027670   0.002128   -0.007450
   109100.000000   0.028734   0.001064   -0.008514
   109110.000000   0.025541   0.004257   -0.008514
   109120.000000   0.023413   0.002128   -0.010642
   109130.000000   0.028734   0.001064   -0.009578
   109140.000000   0.024477   0.004257   -0.005321
   109150.000000   0.025541   0.001064   -0.008514
   109160.000000   0.022349   0.002128   -0.006385
   109170.000000   0.022349   0.004257   -0.008514
   109180.000000   0.019156   0.003193   -0.007450
   109190.000000   0.024477   0.003193   -0.009578
   109200.000000   0.028734   0.005321   -0.010642
   109210.000000   0.030863   0.003193   -0.009578
   109220.000000   0.027670   0.003193   -0.007450
   109230.000000   0.024477   0.002128   -0.010642
   109240.000000   0.021285   0.003193   -0.012771
   109250.000000   0.024477   0.003193   -0.008514
   109260.000000   0.022349   0.003193   -0.009578
   109270.000000   0.024477   0.005321   -0.008514
   109280.000000   0.024477   0.003193   -0.008514
   109290.000000   0.026606   0.005321   -0.009578
   109300.000000   0.029798   0.002128   -0.008514
   109310.000000   0.027670   0.003193   -0.010642
   109320.000000   0.025541   0.002128   -0.013835
   109330.000000   0.022349   0.004257   -0.007450
   109340.000000   0.019156   0.003193   -0.009578
   109350.000000   0.024477   0.004257   -0.007450
   109360.000000   0.023413   0.000000   -0.006385
   109370.000000   0.027670   0.003193   -0.008514
   109380.000000   0.028734   0.004257   -0.006385
   109390.000000   0.029798   0.002128   -0.009578
   109400.000000   0.026606   0.003193   -0.010642
   109410.000000   0.028734   0.003193   -0.009578
   109420.000000   0.023413   0.002128   -0.010642
   109430.000000   0.024477   0.004257   -0.008514
   109440.000000   0.024477   0.001064   -0.012771
   109450.000000   0.022349   0.003193   -0.009578
   109460.000000   0.024477   0.004257   -0.009578
   109470.000000   0.025541   0.001064   -0.010642
   109480.000000   0.026606   0.002128   -0.009578
   109490.000000   0.028734   0.004257   -0.007450
   109500.000000   0.026606   0.002128   -0.005321
   109510.000000   0.025541   0.002128   -0.007450
   109520.000000   0.023413   0.001064   -0.006385
   109530.000000   0.022349   0.003193   -0.007450
   109540.000000   0.024477   0.003193   -0.008514
   109550.000000   0.025541   0.005321   -0.008514
   109560.000000   0.026606   0.005321   -0.007450
   109570.000000   0.027670   0.000000   -0.008514
   109580.000000   0.026606   0.003193   -0.009578
   109590.000000   0.026606   0.002128   -0.012771
   109600.000000   0.025541   0.001064   -0.007450
   109610.000000   0.023413   0.004257   -0.009578
   109620.000000   0.020220   0.002128   -0.008514
   109630.000000   0.025541   0.005321   -0.007450
   109640.000000   0.025541   0.003193   -0.012771
   109650.000000   0.026606   0.003193   -0.006385
   109660.000000   0.026606   0.003193   -0.009578
   109670.000000   0.029798   -0.001064   -0.008514
   109680.000000   0.025541   0.001064   -0.009578
   109690.000000   0.028734   0.002128   -0.011706
   109700.000000   0.024477   0.002128   -0.007450
   109710.000000   0.024477   0.002128   -0.007450
   109720.000000   0.022349   0.001064   -0.008514
   109730.000000   0.024477   0.002128   -0.009578
   109740.000000   0.025541   0.003193   -0.011706
   109750.000000   0.026606   0.002128   -0.009578
   109760.000000   0.027670   0.003193   -0.007450
   109770.000000   0.025541   0.001064   -0.011706
   109780.000000   0.023413   0.004257   -0.008514
   109790.000000   0.022349   0.005321   -0.009578
   109800.000000   0.022349   0.002128   -0.010642
   109810.000000   0.024477   0.004257   -0.009578
   109820.000000   0.027670   0.001064   -0.008514
   109830.000000   0.027670   0.001064   -0.009578
   109840.000000   0.025541   -0.002128   -0.008514
   109850.000000   0.024477   0.003193   -0.005321
   109860.000000   0.023413   0.002128   -0.008514
   109870.000000   0.024477   0.005321   -0.011706
   109880.000000   0.021285   0.002128   -0.010642
   109890.000000   0.023413   0.001064   -0.006385
   109900.000000   0.026606   0.003193   -0.010642
   109910.000000   0.030863   0.002128   -0.009578
   109920.000000   0.030863   0.001064   -0.009578
   109930.000000   0.025541   0.000000   -0.008514
   109940.000000   0.024477   0.004257   -0.009578
   109950.000000   0.020220   0.005321   -0.010642
   109960.000000   0.022349   0.003193   -0.009578
   109970.000000   0.021285   0.002128   -0.009578
   109980.000000   0.025541   0.003193   -0.010642
   109990.000000   0.030863   0.002128   -0.008514
   110000.000000   0.027670   0.004257   -0.011706
   110010.000000   0.025541   0.004257   -0.010642
   110020.000000   0.027670   0.002128   -0.008514
   110030.000000   0.025541   0.004257   -0.012771
   110040.000000   0.020220   0.004257   -0.008514
   110050.000000   0.023413   0.002128   -0.010642
   110060.000000   0.024477   0.004257   -0.007450
   110070.000000   0.025541   0.002128   -0.010642
   110080.000000   0.030863   0.002128   -0.009578
   110090.000000   0.029798   0.004257   -0.007450
   110100.000000   0.026606   0.002128   -0.006385
   110110.000000   0.025541   0.002128   -0.010642
   110120.000000   0.020220   0.003193   -0.010642
   110130.000000   0.022349   0.001064   -0.009578
   110140.000000   0.023413   0.004257   -0.005321
   110150.000000   0.026606   0.003193   -0.010642
   110160.000000   0.028734   0.003193   -0.009578
   110170.000000   0.028734   0.004257   -0.007450
   110180.000000   0.028734   0.002128   -0.011706
   110190.000000   0.024477   0.003193   -0.010642
   110200.000000   0.022349   0.002128   -0.008514
   110210.000000   0.023413   0.002128   -0.009578
   110220.000000   0.025541   0.003193   -0.010642
   110230.000000   0.022349   0.004257   -0.007450
   110240.000000   0.029798   0.004257   -0.008514
   110250.000000   0.030863   0.005321   -0.009578
   110260.000000   0.026606   0.001064   -0.008514
   110270.000000   0.024477   0.001064   -0.008514
   110280.000000   0.025541   0.004257   -0.008514
   110290.000000   0.024477   0.003193   -0.009578
   110300.000000   0.025541   0.004257   -0.008514
   110310.000000   0.022349   0.004257   -0.009578
   110320.000000   0.025541   0.005321   -0.008514
   110330.000000   0.027670   0.002128   -0.012771
   110340.000000   0.026606   0.001064   -0.012771
   110350.000000   0.025541   0.004257   -0.007450
   110360.000000   0.024477   0.004257   -0.009578
   110370.000000   0.021285   0.002128   -0.008514
   110380.000000   0.024477   0.003193   -0.011706
   110390.000000   0.025541   0.004257   -0.010642
   110400.000000   0.027670   0.003193   -0.008514
   110410.000000   0.027670   0.002128   -0.009578
   110420.000000   0.025541   0.003193   -0.008514
   110430.000000   0.024477   0.006385   -0.008514
   110440.000000   0.023413   0.002128   -0.009578
   110450.000000   0.024477   0.001064   -0.011706
   110460.000000   0.024477   0.004257   -0.006385
   110470.000000   0.026606   0.003193   -0.007450
   110480.000000   0.024477   0.006385   -0.007450
   110490.000000   0.026606   0.006385   -0.009578
   110500.000000   0.022349   0.003193   -0.008514
   110510.000000   0.024477   0.003193   -0.005321
   110520.000000   0.023413   0.002128   -0.008514
   110530.000000   0.023413   0.003193   -0.007450
   110540.000000   0.026606   0.001064   -0.010642
   110550.000000   0.027670   0.005321   -0.009578
   110560.000000   0.026606   0.004257   -0.008514
   110570.000000   0.023413   0.002128   -0.007450
   110580.000000   0.025541   0.002128   -0.008514
   110590.000000   0.027670   0.004257   -0.006385
   110600.000000   0.026606   0.003193   -0.010642
   110610.000000   0.026606   0.004257   -0.007450
   110620.000000   0.024477   0.003193   -0.008514
   110630.000000   0.021285   0.003193   -0.007450
   110640.000000   0.025541   0.003193   -0.010642
   110650.000000   0.027670   0.002128   -0.008514
   110660.000000   0.024477   0.004257   -0.010642
   110670.000000   0.026606   0.002128   -0.011706
   110680.000000   0.024477   0.002128   -0.010642
   110690.000000   0.023413   0.006385   -0.009578
   110700.000000   0.025541   0.003193   -0.008514
   110710.000000   0.024477   0.001064   -0.009578
   110720.000000   0.025541   0.006385   -0.009578
   110730.000000   0.025541   0.003193   -0.009578
   110740.000000   0.023413   0.003193   -0.008514
   110750.000000   0.027670   0.002128   -0.008514
   110760.000000   0.024477   0.003193   -0.009578
   110770.000000   0.025541   0.003193   -0.008514
   110780.000000   0.027670   0.001064   -0.009578
   110790.000000   0.025541   0.004257   -0.008514
   110800.000000   0.025541   0.003193   -0.011706
   110810.000000   0.027670   0.003193   -0.008514
   110820.000000   0.025541   0.001064   -0.007450
   110830.000000   0.026606   0.002128   -0.007450
   110840.000000   0.027670   0.003193   -0.007450
   110850.000000   0.024477   0.003193   -0.008514
   110860.000000   0.025541   0.006385   -0.007450
   110870.000000   0.025541   0.004257   -0.010642
   110880.000000   0.026606   0.003193   -0.008514
   110890.000000   0.027670   0.002128   -0.007450
   110900.000000   0.025541   0.004257   -0.009578
   110910.000000   0.023413   0.005321   -0.010642
   110920.000000   0.023413   0.002128   -0.009578
   110930.000000   0.025541   0.003193   -0.009578
   110940.000000   0.025541   0.002128   -0.008514
   110950.000000   0.027670   0.004257   -0.010642
   110960.000000   0.029798   0.000000   -0.012771
   110970.000000   0.027670   0.003193   -0.006385
   110980.000000   0.027670   0.003193   -0.008514
   110990.000000   0.024477   0.003193   -0.008514
   111000.000000   0.023413   0.003193   -0.008514
   111010.000000   0.024477   0.003193   -0.008514
   111020.000000   0.024477   0.004257   -0.008514
   111030.000000   0.021285   0.003193   -0.009578
   111040.000000   0.026606   0.004257   -0.011706
   111050.000000   0.028734   0.002128   -0.010642
   111060.000000   0.024477   0.002128   -0.013835
   111070.000000   0.025541   0.002128   -0.007450
   111080.000000   0.027670   0.003193   -0.009578
   111090.000000   0.025541   0.002128   -0.008514
   111100.000000   0.021285   0.005321   -0.008514
   111110.000000   0.025541   0.001064   -0.008514
   111120.000000   0.024477   0.004257   -0.010642
   111130.000000   0.024477   0.004257   -0.008514
   111140.000000   0.027670   0.003193   -0.008514
   111150.000000   0.026606   0.005321   -0.007450
   111160.000000   0.026606   0.004257   -0.009578
   111170.000000   0.023413   0.003193   -0.008514
   111180.000000   0.025541   0.003193   -0.007450
   111190.000000   0.024477   0.002128   -0.011706
   111200.000000   0.023413   0.002128   -0.008514
   111210.000000   0.023413   0.004257   -0.008514
   111220.000000   0.026606   0.004257   -0.008514
   111230.000000   0.027670   0.002128   -0.009578
   111240.000000   0.027670   0.005321   -0.009578
   111250.000000   0.026606   0.004257   -0.010642
   111260.000000   0.023413   0.002128   -0.010642
   111270.000000   0.024477   0.005321   -0.010642
   111280.000000   0.025541   0.002128   -0.010642
   111290.000000   0.025541   0.005321   -0.006385
   111300.000000   0.027670   0.002128   -0.009578
   111310.000000   0.025541   0.002128   -0.009578
   111320.000000   0.023413   0.003193   -0.007450
   111330.000000   0.026606   0.003193   -0.007450
   111340.000000   0.023413   0.004257   -0.009578
   111350.000000   0.024477   0.001064   -0.009578
   111360.000000   0.024477   0.001064   -0.007450
   111370.000000   0.026606   0.003193   -0.009578
   111380.000000   0.029798   0.002128   -0.011706
   111390.000000   0.026606   0.003193   -0.010642
   111400.000000   0.026606   0.005321   -0.010642
   111410.000000   0.024477   0.004257   -0.009578
   111420.000000   0.025541   0.003193   -0.007450
   111430.000000   0.023413   0.000000   -0.007450
   111440.000000   0.022349   0.004257   -0.007450
   111450.000000   0.022349   0.003193   -0.011706
   111460.000000   0.026606   0.001064   -0.010642
   111470.000000   0.027670   0.004257   -0.009578
   111480.000000   0.028734   0.001064   -0.008514
   111490.000000   0.027670   0.003193   -0.007450
   111500.000000   0.022349   0.002128   -0.011706
   111510.000000   0.023413   0.002128   -0.008514
   111520.000000   0.027670   0.004257   -0.008514
   111530.000000   0.024477   0.000000   -0.010642
   111540.000000   0.027670   0.004257   -0.009578
   111550.000000   0.027670   0.004257   -0.011706
   111560.000000   0.027670   0.002128   -0.007450
   111570.000000   0.026606   0.002128   -0.010642
   111580.000000   0.026606   0.003193   -0.007450
   111590.000000   0.024477   0.004257   -0.008514
   111600.000000   0.023413   0.005321   -0.011706
   111610.000000   0.023413   0.001064   -0.011706
   111620.000000   0.026606   0.002128   -0.004257
   111630.000000   0.027670   0.003193   -0.007450
   111640.000000   0.025541   0.003193   -0.008514
   111650.000000   0.025541   0.003193   -0.008514
   111660.000000   0.026606   0.005321   -0.009578
   111670.000000   0.028734   0.001064   -0.010642
   111680.000000   0.025541   0.003193   -0.008514
   111690.000000   0.023413   0.002128   -0.008514
   111700.000000   0.026606   0.002128   -0.007450
   111710.000000   0.023413   0.004257   -0.009578
   111720.000000   0.025541   0.002128   -0.008514
   111730.000000   0.023413   0.004257   -0.009578
   111740.000000   0.025541   0.005321   -0.009578
   111750.000000   0.025541   0.005321   -0.009578
   111760.000000   0.023413   0.004257   -0.009578
   111770.000000   0.023413   0.003193   -0.009578
   111780.000000   0.022349   0.002128   -0.010642
   111790.000000   0.024477   0.003193   -0.010642
   111800.000000   0.023413   0.004257   -0.009578
   111810.000000   0.025541   0.006385   -0.006385
   111820.000000   0.024477   0.003193   -0.009578
   111830.000000   0.026606   0.003193   -0.009578
   111840.000000   0.028734   0.000000   -0.011706
   111850.000000   0.028734   0.000000   -0.008514
   111860.000000   0.023413   0.004257   -0.009578
   111870.000000   0.023413   0.003193   -0.009578
   111880.000000   0.025541   0.004257   -0.009578
   111890.000000   0.026606   0.005321   -0.007450
   111900.000000   0.024477   0.004257   -0.008514
   111910.000000   0.025541   0.003193   -0.008514
   111920.000000   0.027670   0.004257   -0.010642
   111930.000000   0.025541   0.004257   -0.010642
   111940.000000   0.025541   0.005321   -0.008514
   111950.000000   0.027670   0.002128   -0.011706
   111960.000000   0.023413   0.005321   -0.007450
   111970.000000   0.026606   0.000000   -0.009578
   111980.000000   0.026606   0.002128   -0.008514
   111990.000000   0.026606   0.002128   -0.007450
   112000.000000   0.024477   0.001064   -0.011706
   112010.000000   0.025541   0.001064   -0.010642
   112020.000000   0.025541   0.006385   -0.009578
   112030.000000   0.025541   0.004257   -0.007450
   112040.000000   0.023413   0.002128   -0.010642
   112050.000000   0.024477   0.002128   -0.008514
   112060.000000   0.024477   0.002128   -0.008514
   112070.000000   0.024477   0.005321   -0.008514
   112080.000000   0.024477   0.002128   -0.005321
   112090.000000   0.024477   0.002128   -0.009578
   112100.000000   0.024477   0.000000   -0.010642
   112110.000000   0.025541   0.004257   -0.009578
   112120.000000   0.027670   0.002128   -0.008514
   112130.000000   0.024477   0.002128   -0.007450
   112140.000000   0.025541   0.005321   -0.008514
   112150.000000   0.029798   0.003193   -0.008514
   112160.000000   0.024477   0.004257   -0.008514
   112170.000000   0.026606   0.002128   -0.009578
   112180.000000   0.027670   0.001064   -0.007450
   112190.000000   0.022349   0.003193   -0.008514
   112200.000000   0.024477   0.004257   -0.009578
   112210.000000   0.022349   0.001064   -0.009578
   112220.000000   0.025541   0.003193   -0.008514
   112230.000000   0.026606   0.005321   -0.010642
   112240.000000   0.025541   0.004257   -0.008514
   112250.000000   0.028734   0.002128   -0.007450
   112260.000000   0.026606   0.004257   -0.007450
   112270.000000   0.026606   0.001064   -0.010642
   112280.000000   0.023413   0.003193   -0.010642
   112290.000000   0.023413   0.004257   -0.009578
   112300.000000   0.024477   0.003193   -0.010642
   112310.000000   0.022349   0.003193   -0.008514
   112320.000000   0.027670   0.002128   -0.009578
   112330.000000   0.026606   0.004257   -0.008514
   112340.000000   0.028734   0.002128   -0.013835
   112350.000000   0.027670   0.004257   -0.007450
   112360.000000   0.022349   0.005321   -0.007450
   112370.000000   0.023413   0.003193   -0.006385
   112380.000000   0.024477   0.006385   -0.008514
   112390.000000   0.026606   0.001064   -0.010642
   112400.000000   0.028734   0.003193   -0.008514
   112410.000000   0.026606   0.002128   -0.007450
   112420.000000   0.029798   -0.001064   -0.007450
   112430.000000   0.023413   0.005321   -0.008514
   112440.000000   0.025541   0.001064   -0.005321
   112450.000000   0.024477   0.001064   -0.009578
   112460.000000   0.023413   0.005321   -0.008514
   112470.000000   0.022349   0.004257   -0.007450
   112480.000000   0.027670   0.004257   -0.010642
   112490.000000   0.025541   0.001064   -0.008514
   112500.000000   0.028734   0.002128   -0.011706
   112510.000000   0.029798   0.001064   -0.009578
   112520.000000   0.025541   0.001064   -0.010642
   112530.000000   0.025541   0.003193   -0.007450
   112540.000000   0.023413   0.001064   -0.007450
   112550.000000   0.025541   0.003193   -0.010642
   112560.000000   0.026606   0.003193   -0.007450
   112570.000000   0.025541   0.001064   -0.007450
   112580.000000   0.025541   0.005321   -0.008514
   112590.000000   0.027670   0.003193   -0.009578
   112600.000000   0.027670   0.003193   -0.011706
   112610.000000   0.026606   0.003193   -0.009578
   112620.000000   0.022349   0.003193   -0.008514
   112630.000000   0.024477   0.003193   -0.012771
   112640.000000   0.021285   0.003193   -0.006385
   112650.000000   0.022349   0.003193   -0.009578
   112660.000000   0.025541   0.005321   -0.011706
   112670.000000   0.025541   0.004257   -0.011706
   112680.000000   0.024477   0.001064   -0.010642
   112690.000000   0.024477   0.004257   -0.007450
   112700.000000   0.025541   0.004257   -0.009578
   112710.000000   0.025541   0.004257   -0.009578
   112720.000000   0.023413   0.001064   -0.009578
   112730.000000   0.024477   0.005321   -0.009578
   112740.000000   0.024477   0.004257   -0.011706
   112750.000000   0.025541   0.000000   -0.007450
   112760.000000   0.026606   0.003193   -0.008514
   112770.000000   0.027670   0.001064   -0.007450
   112780.000000   0.024477   0.004257   -0.007450
   112790.000000   0.022349   0.005321   -0.007450
   112800.000000   0.025541   0.004257   -0.009578
   112810.000000   0.028734   0.001064   -0.007450
   112820.000000   0.023413   0.003193   -0.010642
   112830.000000   0.026606   0.005321   -0.010642
   112840.000000   0.027670   0.002128   -0.007450
   112850.000000   0.024477   0.005321   -0.009578
   112860.000000   0.025541   0.003193   -0.013835
   112870.000000   0.023413   0.001064   -0.007450
   112880.000000   0.026606   0.001064   -0.010642
   112890.000000   0.028734   0.002128   -0.005321
   112900.000000   0.027670   0.001064   -0.010642
   112910.000000   0.027670   0.002128   -0.010642
   112920.000000   0.026606   0.002128   -0.005321
   112930.000000   0.024477   0.003193   -0.008514
   112940.000000   0.023413   0.004257   -0.007450
   112950.000000   0.024477   0.002128   -0.008514
   112960.000000   0.024477   0.004257   -0.009578
   112970.000000   0.027670   0.004257   -0.009578
   112980.000000   0.027670   0.005321   -0.009578
   112990.000000   0.027670   0.004257   -0.009578
   113000.000000   0.025541   0.002128   -0.008514
   113010.000000   0.022349   0.004257   -0.007450
   113020.000000   0.022349   0.002128   -0.009578
   113030.000000   0.023413   0.003193   -0.009578
   113040.000000   0.026606   0.002128   -0.010642
   113050.000000   0.029798   0.003193   -0.009578
   113060.000000   0.027670   0.003193   -0.010642
   113070.000000   0.025541   0.003193   -0.006385
   113080.000000   0.026606   0.004257   -0.010642
   113090.000000   0.025541   0.002128   -0.010642
   113100.000000   0.023413   0.001064   -0.010642
   113110.000000   0.023413   0.001064   -0.007450
   113120.000000   0.027670   0.005321   -0.010642
   113130.000000   0.026606   0.003193   -0.008514
   113140.000000   0.027670   0.004257   -0.008514
   113150.000000   0.024477   0.004257   -0.007450
   113160.000000   0.025541   0.002128   -0.009578
   113170.000000   0.023413   0.005321   -0.010642
   113180.000000   0.023413   0.002128   -0.007450
   113190.000000   0.022349   0.001064   -0.008514
   113200.000000   0.025541   0.003193   -0.011706
   113210.000000   0.026606   0.002128   -0.006385
   113220.000000   0.027670   0.005321   -0.009578
   113230.000000   0.026606   0.004257   -0.009578
   113240.000000   0.025541   0.003193   -0.010642
   113250.000000   0.020220   0.003193   -0.011706
   113260.000000   0.023413   0.003193   -0.008514
   113270.000000   0.023413   0.004257   -0.008514
   113280.000000   0.025541   0.003193   -0.008514
   113290.000000   0.026606   0.005321   -0.006385
   113300.000000   0.023413   0.003193   -0.008514
   113310.000000   0.026606   0.003193   -0.011706
   113320.000000   0.025541   0.004257   -0.009578
   113330.000000   0.027670   0.003193   -0.009578
   113340.000000   0.024477   0.002128   -0.007450
   113350.000000   0.020220   0.004257   -0.007450
   113360.000000   0.021285   0.004257   -0.011706
   113370.000000   0.023413   0.003193   -0.010642
   113380.000000   0.024477   0.003193   -0.008514
   113390.000000   0.027670   0.003193   -0.011706
   113400.000000   0.026606   0.001064   -0.007450
   113410.000000   0.025541   0.004257   -0.010642
   113420.000000   0.024477   0.002128   -0.007450
   113430.000000   0.023413   0.002128   -0.010642
   113440.000000   0.024477   0.003193   -0.009578
   113450.000000   0.025541   0.003193   -0.009578
   113460.000000   0.022349   0.004257   -0.007450
   113470.000000   0.024477   0.003193   -0.009578
   113480.000000   0.025541   0.002128   -0.011706
   113490.000000   0.028734   0.002128   -0.009578
   113500.000000   0.026606   0.002128   -0.006385
   113510.000000   0.025541   0.005321   -0.009578
   113520.000000   0.021285   0.004257   -0.010642
   113530.000000   0.025541   0.002128   -0.009578
   113540.000000   0.023413   0.003193   -0.008514
   113550.000000   0.027670   0.002128   -0.007450
   113560.000000   0.028734   0.003193   -0.009578
   113570.000000   0.025541   0.002128   -0.006385
   113580.000000   0.026606   0.002128   -0.009578
   113590.000000   0.024477   0.004257   -0.007450
   113600.000000   0.024477   0.002128   -0.008514
   113610.000000   0.024477   0.005321   -0.011706
   113620.000000   0.026606   0.004257   -0.009578
   113630.000000   0.025541   0.005321   -0.009578
   113640.000000   0.024477   0.003193   -0.009578
   113650.000000   0.023413   0.003193   -0.011706
   113660.000000   0.028734   0.002128   -0.007450
   113670.000000   0.024477   0.004257   -0.006385
   113680.000000   0.025541   0.001064   -0.010642
   113690.000000   0.025541   0.000000   -0.008514
   113700.000000   0.026606   0.005321   -0.008514
   113710.000000   0.027670   0.002128   -0.007450
   113720.000000   0.024477   0.001064   -0.009578
   113730.000000   0.026606   0.002128   -0.009578
   113740.000000   0.027670   0.001064   -0.009578
   113750.000000   0.023413   0.003193   -0.010642
   113760.000000   0.025541   0.003193   -0.007450
   113770.000000   0.024477   0.003193   -0.009578
   113780.000000   0.026606   0.006385   -0.010642
   113790.000000   0.023413   0.004257   -0.008514
   113800.000000   0.023413   0.004257   -0.009578
   113810.000000   0.025541   0.000000   -0.011706
   113820.000000   0.025541   0.000000   -0.009578
   113830.000000   0.025541   0.004257   -0.009578
   113840.000000   0.025541   0.001064   -0.005321
   113850.000000   0.026606   0.004257   -0.008514
   113860.000000   0.026606   0.003193   -0.011706
   113870.000000   0.026606   0.006385   -0.010642
   113880.000000   0.025541   0.001064   -0.010642
   113890.000000   0.024477   0.003193   -0.007450
   113900.000000   0.027670   0.003193   -0.006385
   113910.000000   0.026606   0.005321   -0.007450
   113920.000000   0.026606   0.004257   -0.009578
   113930.000000   0.027670   -0.001064   -0.008514
   113940.000000   0.024477   0.002128   -0.009578
   113950.000000   0.025541   0.004257   -0.011706
   113960.000000   0.023413   0.002128   -0.010642
   113970.000000   0.022349   0.005321   -0.011706
   113980.000000   0.026606   0.000000   -0.006385
   113990.000000   0.026606   0.001064   -0.009578
   114000.000000   0.028734   0.002128   -0.005321
   114010.000000   0.026606   0.001064   -0.008514
   114020.000000   0.023413   0.004257   -0.006385
   114030.000000   0.025541   0.002128   -0.008514
   114040.000000   0.023413   0.002128   -0.009578
   114050.000000   0.024477   0.002128   -0.008514
   114060.000000   0.023413   0.001064   -0.007450
   114070.000000   0.028734   0.003193   -0.009578
   114080.000000   0.025541   0.002128   -0.009578
   114090.000000   0.026606   0.004257   -0.007450
   114100.000000   0.027670   0.002128   -0.009578
   114110.000000   0.023413   0.003193   -0.009578
   114120.000000   0.024477   0.003193   -0.010642
   114130.000000   0.021285   0.004257   -0.008514
   114140.000000   0.025541   0.003193   -0.009578
   114150.000000   0.025541   0.002128   -0.009578
   114160.000000   0.028734   0.003193   -0.012771
   114170.000000   0.029798   0.005321   -0.010642
   114180.000000   0.026606   0.004257   -0.008514
   114190.000000   0.026606   0.001064   -0.008514
   114200.000000   0.024477   0.003193   -0.009578
   114210.000000   0.023413   0.004257   -0.010642
   114220.000000   0.025541   0.002128   -0.009578
   114230.000000   0.026606   0.002128   -0.004257
   114240.000000   0.025541   0.002128   -0.006385
   114250.000000   0.027670   0.005321   -0.008514
   114260.000000   0.028734   0.003193   -0.011706
   114270.000000   0.024477   0.004257   -0.008514
   114280.000000   0.025541   0.002128   -0.006385
   114290.000000   0.025541   0.003193   -0.011706
   114300.000000   0.025541   0.002128   -0.008514
   114310.000000   0.026606   0.003193   -0.011706
   114320.000000   0.028734   0.003193   -0.008514
   114330.000000   0.028734   0.002128   -0.010642
   114340.000000   0.027670   0.002128   -0.007450
   114350.000000   0.026606   0.003193   -0.007450
   114360.000000   0.023413   0.002128   -0.008514
   114370.000000   0.023413   0.004257   -0.009578
   114380.000000   0.023413   0.001064   -0.008514
   114390.000000   0.027670   0.003193   -0.008514
   114400.000000   0.027670   0.003193   -0.010642
   114410.000000   0.026606   0.001064   -0.007450
   114420.000000   0.023413   0.002128   -0.009578
   114430.000000   0.023413   0.002128   -0.007450
   114440.000000   0.025541   0.002128   -0.010642
   114450.000000   0.022349   0.003193   -0.010642
   114460.000000   0.024477   0.005321   -0.011706
   114470.000000   0.027670   0.002128   -0.010642
   114480.000000   0.026606   0.003193   -0.009578
   114490.000000   0.025541   0.004257   -0.009578
   114500.000000   0.022349   0.000000   -0.010642
   114510.000000   0.028734   0.001064   -0.006385
   114520.000000   0.024477   0.003193   -0.010642
   114530.000000   0.023413   0.002128   -0.010642
   114540.000000   0.025541   0.001064   -0.011706
   114550.000000   0.022349   0.004257   -0.009578
   114560.000000   0.025541   0.006385   -0.007450
   114570.000000   0.027670   0.002128   -0.006385
   114580.000000   0.026606   0.003193   -0.011706
   114590.000000   0.027670   0.003193   -0.008514
   114600.000000   0.023413   0.005321   -0.007450
   114610.000000   0.022349   0.003193   -0.007450
   114620.000000   0.021285   0.004257   -0.011706
   114630.000000   0.024477   0.002128   -0.006385
   114640.000000   0.027670   0.001064   -0.011706
   114650.000000   0.027670   0.002128   -0.009578
   114660.000000   0.029798   0.001064   -0.008514
   114670.000000   0.028734   0.004257   -0.006385
   114680.000000   0.026606   0.003193   -0.009578
   114690.000000   0.023413   0.004257   -0.011706
   114700.000000   0.023413   0.002128   -0.008514
   114710.000000   0.024477   0.002128   -0.009578
   114720.000000   0.024477   0.001064   -0.010642
   114730.000000   0.025541   0.004257   -0.010642
   114740.000000   0.026606   0.003193   -0.010642
   114750.000000   0.028734   0.002128   -0.010642
   114760.000000   0.028734   0.002128   -0.011706
   114770.000000   0.023413   0.002128   -0.008514
   114780.000000   0.024477   0.002128   -0.006385
   114790.000000   0.024477   0.005321   -0.011706
   114800.000000   0.024477   0.004257   -0.010642
   114810.000000   0.028734   0.003193   -0.007450
   114820.000000   0.024477   0.003193   -0.009578
   114830.000000   0.025541   0.000000   -0.007450
   114840.000000   0.024477   0.002128   -0.010642
   114850.000000   0.024477   0.003193   -0.007450
   114860.000000   0.023413   0.003193   -0.008514
   114870.000000   0.026606   0.003193   -0.009578
   114880.000000   0.024477   0.004257   -0.010642
   114890.000000   0.024477   0.003193   -0.009578
   114900.000000   0.027670   0.007450   -0.008514
   114910.000000   0.026606   0.000000   -0.007450
   114920.000000   0.027670   0.001064   -0.010642
   114930.000000   0.026606   0.002128   -0.008514
   114940.000000   0.024477   0.001064   -0.008514
   114950.000000   0.026606   0.002128   -0.008514
   114960.000000   0.027670   0.003193   -0.010642
   114970.000000   0.027670   0.005321   -0.011706
   114980.000000   0.026606   0.004257   -0.010642
   114990.000000   0.026606   0.003193   -0.007450
   115000.000000   0.026606   0.002128   -0.008514
   115010.000000   0.025541   0.004257   -0.008514
   115020.000000   0.023413   0.004257   -0.010642
   115030.000000   0.023413   0.002128   -0.008514
   115040.000000   0.028734   0.002128   -0.008514
   115050.000000   0.022349   0.002128   -0.010642
   115060.000000   0.027670   0.003193   -0.007450
   115070.000000   0.026606   0.003193   -0.008514
   115080.000000   0.023413   0.002128   -0.005321
   115090.000000   0.026606   0.001064   -0.008514
   115100.000000   0.022349   0.000000   -0.006385
   115110.000000   0.021285   0.001064   -0.009578
   115120.000000   0.023413   0.001064   -0.008514
   115130.000000   0.025541   0.002128   -0.009578
   115140.000000   0.021285   0.001064   -0.005321
   115150.000000   0.027670   0.002128   -0.007450
   115160.000000   0.026606   0.004257   -0.008514
   115170.000000   0.025541   0.004257   -0.007450
   115180.000000   0.024477   0.004257   -0.007450
   115190.000000   0.021285   0.001064   -0.008514
   115200.000000   0.021285   0.003193   -0.008514
   115210.000000   0.022349   0.004257   -0.008514
   115220.000000   0.024477   0.004257   -0.008514
   115230.000000   0.027670   0.005321   -0.008514
   115240.000000   0.026606   0.002128   -0.009578
